-------- old bin ------------
kin 0
0.15  0.157856  1.66776  0.0257823
0.17  0.171687  1.63712  0.00684195
0.19  0.189697  1.64071  0.00603022
0.21  0.209473  1.63525  0.00671699
0.23  0.228469  1.61959  0.0083324
0.25  0.243359  1.54146  0.0234119
kin 1
0.17  0.17646  1.58724  0.0304109
0.19  0.191172  1.64655  0.0128204
0.21  0.209705  1.63153  0.0117977
0.23  0.229525  1.63767  0.013267
0.25  0.248472  1.61506  0.0164532
0.27  0.263631  1.62863  0.0464905
kin 2
0.21  0.214454  1.64631  0.0214374
0.23  0.230819  1.6136  0.0117135
0.25  0.249723  1.61126  0.0112419
0.27  0.269545  1.59677  0.0123795
0.29  0.288711  1.60541  0.0151861
0.31  0.305079  1.51306  0.0310081
kin 3
0.25  0.252913  1.6346  0.0210953
0.27  0.270677  1.59056  0.0134257
0.29  0.289693  1.58716  0.0130385
0.31  0.309543  1.58918  0.0143012
0.33  0.328974  1.55283  0.0166089
0.35  0.346396  1.57466  0.0304183
kin 4
0.27  0.277812  1.53694  0.0696538
0.29  0.291994  1.55676  0.0173245
0.31  0.310562  1.5758  0.012884
0.33  0.329666  1.56246  0.0124084
0.35  0.349586  1.54117  0.0134569
0.37  0.369073  1.51783  0.0155174
0.39  0.387419  1.47076  0.0240849
