-------- new bin ------------
kin 0
0.16875  0.17055  1.63931  0.00713564
0.18825  0.18802  1.6417  0.00606451
0.20775  0.207274  1.63322  0.00668647
0.22725  0.226126  1.62627  0.00803097
kin 1
0.18625  0.188033  1.6462  0.013643
0.20675  0.206484  1.62602  0.0115097
0.22725  0.226714  1.63571  0.0128483
0.24775  0.246391  1.6244  0.0156601
kin 2
0.22125  0.22336  1.61769  0.0128954
0.24375  0.243597  1.61553  0.0105486
0.26625  0.26569  1.59611  0.0114435
0.28875  0.287291  1.6087  0.0141632
kin 3
0.2566  0.258119  1.60686  0.0170785
0.2758  0.276043  1.61175  0.013392
0.295  0.294736  1.57746  0.0134254
0.3142  0.313752  1.58833  0.0149847
0.3334  0.332197  1.53974  0.0176637
kin 4
0.2932  0.294887  1.56107  0.0159109
0.3136  0.314048  1.58204  0.0125274
0.334  0.333652  1.54814  0.0123852
0.3544  0.353933  1.54165  0.013691
0.3748  0.373471  1.50061  0.0163085
