-------- new bin ------------
kin 0
0.16875  0.170597  1.01406  0.00414137
0.18825  0.188029  1.00753  0.00349071
0.20775  0.207273  0.998359  0.00386629
0.22725  0.226146  0.989789  0.00465245
kin 1
0.18625  0.188057  1.00737  0.00652544
0.20675  0.206471  1.00018  0.00556242
0.22725  0.226695  0.990004  0.0061322
0.24775  0.246457  0.974927  0.00747354
kin 2
0.22125  0.223353  1.00379  0.00683801
0.24375  0.243533  0.98561  0.00550505
0.26625  0.265653  0.976008  0.00602997
0.28875  0.287281  0.957679  0.00729847
kin 3
0.2566  0.258079  0.996308  0.00939452
0.2758  0.276058  0.990021  0.00732325
0.295  0.29466  0.972997  0.00740735
0.3142  0.313709  0.970263  0.00824753
0.3334  0.332186  0.955073  0.01001
kin 4
0.2932  0.29476  1.00606  0.0110605
0.3136  0.313943  0.988524  0.00840159
0.334  0.333713  0.958994  0.00829798
0.3544  0.353969  0.971001  0.00935299
0.3748  0.373474  0.962796  0.0114265
kin 5
0.3289  0.330761  0.958664  0.0135227
0.3507  0.351033  0.958828  0.0103987
0.3725  0.372117  0.961671  0.0104015
0.3943  0.393749  0.922627  0.0112183
0.4161  0.414735  0.928977  0.0141341
kin 6
0.401  0.402389  0.94071  0.0147646
0.421  0.421521  0.950427  0.0115268
0.441  0.44089  0.923335  0.0104503
0.461  0.460582  0.925714  0.0111388
0.481  0.480542  0.924847  0.0124737
0.501  0.499891  0.933591  0.0162438
kin 7
0.47275  0.474294  0.943548  0.016181
0.49425  0.494882  0.910961  0.011919
0.51575  0.515792  0.905291  0.010824
0.53725  0.536861  0.900584  0.0113341
0.55875  0.558129  0.897389  0.0129991
0.58025  0.578957  0.880895  0.0160051
kin 8
0.543562  0.544552  0.864376  0.0201999
0.560688  0.56115  0.914099  0.0166836
0.577813  0.578031  0.918948  0.0150438
0.594938  0.594998  0.907537  0.0141447
0.612062  0.611801  0.885318  0.0144102
0.629188  0.628852  0.885227  0.0157187
0.646313  0.645836  0.873304  0.0179172
0.663437  0.66271  0.862658  0.0220722
kin 9
0.6165  0.617909  0.91405  0.0210634
0.6375  0.637952  0.883096  0.0156517
0.6585  0.658659  0.886828  0.0142197
0.6795  0.679392  0.893126  0.0140939
0.7005  0.700047  0.874983  0.0149994
0.7215  0.720894  0.854276  0.017182
0.7425  0.741071  0.860284  0.0222322
kin 10
0.6905  0.692212  0.904304  0.0185713
0.7155  0.715993  0.863339  0.0137457
0.7405  0.740489  0.881442  0.012989
0.7655  0.765049  0.868699  0.0132057
0.7905  0.789578  0.879977  0.0156859
0.8155  0.814113  0.899344  0.020853
