-------- old bin ------------
kin 0
0.15  0.157795  1.04089  0.0152262
0.17  0.171696  1.01413  0.00397392
0.19  0.189704  1.00672  0.00346842
0.21  0.209486  0.997965  0.00388105
0.23  0.228489  0.987342  0.00484118
0.25  0.243473  0.985601  0.0142093
kin 1
0.17  0.17644  1.02846  0.015629
0.19  0.191186  1.01012  0.00615192
0.21  0.209689  0.996846  0.00566388
0.23  0.229475  0.985363  0.00629741
0.25  0.248548  0.975573  0.00790749
0.27  0.263756  0.970714  0.0217561
kin 2
0.21  0.214524  1.00514  0.011226
0.23  0.230812  1.00106  0.00621433
0.25  0.249699  0.980672  0.00587546
0.27  0.269518  0.969435  0.0064806
0.29  0.288734  0.958814  0.00787955
0.31  0.304991  0.98986  0.0176595
kin 3
0.25  0.252924  1.00449  0.0114433
0.27  0.270678  0.990149  0.00746345
0.29  0.28969  0.975944  0.00713394
0.31  0.309528  0.971208  0.00788388
0.33  0.328927  0.957043  0.00930899
0.35  0.346434  0.959354  0.016722
kin 4
0.27  0.277826  1.06045  0.0514045
0.29  0.291926  1.00211  0.0120538
0.31  0.310512  0.99151  0.00869629
0.33  0.329735  0.967315  0.00831085
0.35  0.349614  0.963943  0.00912714
0.37  0.369032  0.972222  0.0108434
0.39  0.387241  0.937248  0.0168971
0.41  0.403066  0.988968  0.0820964
kin 5
0.31  0.316273  1.02618  0.0366751
0.33  0.331496  0.952839  0.0136704
0.35  0.350346  0.967685  0.0109344
0.37  0.369799  0.953604  0.0106372
0.39  0.389562  0.930446  0.0114807
0.41  0.409233  0.923437  0.0133755
0.43  0.427749  0.93773  0.0208709
0.45  0.443691  0.850544  0.0603533
kin 6
0.39  0.393217  0.938551  0.0205966
0.41  0.410984  0.946457  0.0128263
0.43  0.430232  0.934872  0.0107678
0.45  0.449729  0.934961  0.010787
0.47  0.469587  0.909965  0.0114524
0.49  0.489071  0.928428  0.0136775
0.51  0.508476  0.937319  0.0195362
0.53  0.526181  0.886512  0.0394736
kin 7
0.45  0.456827  0.917242  0.0492592
0.47  0.471543  0.937049  0.0177257
0.49  0.490619  0.907848  0.0126764
0.51  0.510227  0.919643  0.011509
0.53  0.529798  0.897835  0.0113344
0.55  0.549502  0.893025  0.0125564
0.57  0.569245  0.899127  0.0148911
0.59  0.588572  0.85241  0.0191254
0.61  0.607282  0.907586  0.0358922
kin 8
0.53  0.533706  0.940745  0.0323072
0.55  0.551054  0.892665  0.0172876
0.57  0.570343  0.914003  0.0144104
0.59  0.590157  0.911868  0.0133003
0.61  0.609641  0.891325  0.0133416
0.63  0.629504  0.879612  0.0145622
0.65  0.649207  0.871301  0.017236
0.67  0.66877  0.873051  0.0231174
0.69  0.687909  0.888255  0.0379567
0.71  0.705263  0.743186  0.0816926
kin 9
0.61  0.611783  0.956773  0.0263546
0.63  0.630726  0.89502  0.017306
0.65  0.650315  0.884863  0.015001
0.67  0.670022  0.884137  0.0142352
0.69  0.689689  0.888978  0.0147775
0.71  0.709507  0.850917  0.0159274
0.73  0.729362  0.88213  0.0197252
0.75  0.748818  0.841697  0.0254327
0.77  0.76827  0.813919  0.0368146
0.79  0.786241  0.896102  0.0832403
kin 10
0.67  0.675471  0.982592  0.0484916
0.69  0.691224  0.907244  0.0209122
0.71  0.710445  0.86515  0.0158889
0.73  0.730184  0.880478  0.0147582
0.75  0.749982  0.861145  0.0140867
0.77  0.769681  0.885456  0.0153384
0.79  0.789524  0.872359  0.0173093
0.81  0.809186  0.894261  0.0217138
0.83  0.828691  0.883704  0.0285806
0.85  0.848906  0.859821  0.0415639
