0.171203
---------
0.192693
0.193561
---------
0.219594
0.220304
0.222425
--------
0.240474
0.246088
0.247395
0.259418
--------
0.27438
0.28471
0.297723
0.298369
--------
0.313883
0.324705
0.334045
0.339993
--------
0.353162
0.36104
--------
0.379802
0.388611
--------
0.411377
0.418305
0.44401
--------
0.475588
0.482269
--------
0.506869
0.516101
--------
0.549798
0.554835
--------
0.586059
0.594562
--------
0.625921
0.637946
--------
0.663546
0.680464
--------
0.698133
0.704973
----------
0.737595
0.73805
0.749955
--------
0.779209
0.780303
--------
0.820357
0.82459
