 1.5000E-01  2.1000E+00  3.5866E-01  2.7842E-01  3.1749E-01  3.0372E-01  3.3013E-01
 1.5850E-01  2.2190E+00  3.5786E-01  2.7352E-01  3.1454E-01  3.0000E-01  3.2779E-01
 1.6700E-01  2.3380E+00  3.5659E-01  2.6837E-01  3.1125E-01  2.9597E-01  3.2506E-01
 1.7550E-01  2.4570E+00  3.5491E-01  2.6304E-01  3.0765E-01  2.9169E-01  3.2200E-01
 1.8400E-01  2.5760E+00  3.5285E-01  2.5756E-01  3.0380E-01  2.8720E-01  3.1864E-01
 1.9250E-01  2.6950E+00  3.5044E-01  2.5198E-01  2.9972E-01  2.8252E-01  3.1501E-01
 2.0100E-01  2.8140E+00  3.4770E-01  2.4633E-01  2.9545E-01  2.7769E-01  3.1115E-01
 2.0950E-01  2.9330E+00  3.4464E-01  2.4066E-01  2.9100E-01  2.7275E-01  3.0707E-01
 2.1800E-01  3.0520E+00  3.4129E-01  2.3497E-01  2.8641E-01  2.6770E-01  3.0279E-01
 2.2650E-01  3.1710E+00  3.3766E-01  2.2929E-01  2.8167E-01  2.6256E-01  2.9833E-01
 2.3500E-01  3.2900E+00  3.3376E-01  2.2365E-01  2.7683E-01  2.5736E-01  2.9370E-01
 2.4350E-01  3.4090E+00  3.2964E-01  2.1810E-01  2.7191E-01  2.5214E-01  2.8894E-01
 2.5200E-01  3.5280E+00  3.2528E-01  2.1261E-01  2.6690E-01  2.4688E-01  2.8405E-01
 2.6050E-01  3.6470E+00  3.2071E-01  2.0717E-01  2.6182E-01  2.4160E-01  2.7904E-01
 2.6900E-01  3.7660E+00  3.1593E-01  2.0180E-01  2.5666E-01  2.3628E-01  2.7391E-01
 2.7750E-01  3.8850E+00  3.1095E-01  1.9648E-01  2.5143E-01  2.3093E-01  2.6867E-01
 2.8600E-01  4.0040E+00  3.0577E-01  1.9122E-01  2.4614E-01  2.2557E-01  2.6332E-01
 2.9450E-01  4.1230E+00  3.0042E-01  1.8602E-01  2.4079E-01  2.2019E-01  2.5788E-01
 3.0300E-01  4.2420E+00  2.9491E-01  1.8088E-01  2.3539E-01  2.1480E-01  2.5236E-01
 3.1150E-01  4.3610E+00  2.8923E-01  1.7579E-01  2.2995E-01  2.0939E-01  2.4675E-01
 3.2000E-01  4.4800E+00  2.8338E-01  1.7073E-01  2.2443E-01  2.0395E-01  2.4104E-01
 3.2850E-01  4.5990E+00  2.7739E-01  1.6571E-01  2.1886E-01  1.9849E-01  2.3525E-01
 3.3700E-01  4.7180E+00  2.7126E-01  1.6073E-01  2.1324E-01  1.9302E-01  2.2940E-01
 3.4550E-01  4.8370E+00  2.6500E-01  1.5579E-01  2.0759E-01  1.8754E-01  2.2348E-01
 3.5400E-01  4.9560E+00  2.5863E-01  1.5089E-01  2.0191E-01  1.8206E-01  2.1751E-01
 3.6250E-01  5.0750E+00  2.5215E-01  1.4602E-01  1.9620E-01  1.7658E-01  2.1150E-01
 3.7100E-01  5.1940E+00  2.4558E-01  1.4118E-01  1.9046E-01  1.7110E-01  2.0544E-01
 3.7950E-01  5.3130E+00  2.3892E-01  1.3638E-01  1.8471E-01  1.6563E-01  1.9936E-01
 3.8800E-01  5.4320E+00  2.3220E-01  1.3161E-01  1.7895E-01  1.6017E-01  1.9326E-01
 3.9650E-01  5.5510E+00  2.2542E-01  1.2688E-01  1.7319E-01  1.5474E-01  1.8715E-01
 4.0500E-01  5.6700E+00  2.1859E-01  1.2218E-01  1.6744E-01  1.4933E-01  1.8104E-01
 4.1350E-01  5.7890E+00  2.1173E-01  1.1753E-01  1.6170E-01  1.4395E-01  1.7494E-01
 4.2200E-01  5.9080E+00  2.0486E-01  1.1292E-01  1.5598E-01  1.3861E-01  1.6885E-01
 4.3050E-01  6.0270E+00  1.9797E-01  1.0836E-01  1.5029E-01  1.3332E-01  1.6279E-01
 4.3900E-01  6.1460E+00  1.9109E-01  1.0385E-01  1.4464E-01  1.2808E-01  1.5677E-01
 4.4750E-01  6.2650E+00  1.8422E-01  9.9387E-02  1.3903E-01  1.2289E-01  1.5080E-01
 4.5600E-01  6.3840E+00  1.7739E-01  9.4989E-02  1.3348E-01  1.1778E-01  1.4488E-01
 4.6450E-01  6.5030E+00  1.7059E-01  9.0656E-02  1.2799E-01  1.1273E-01  1.3903E-01
 4.7300E-01  6.6220E+00  1.6385E-01  8.6392E-02  1.2257E-01  1.0777E-01  1.3325E-01
 4.8150E-01  6.7410E+00  1.5717E-01  8.2203E-02  1.1722E-01  1.0289E-01  1.2756E-01
 4.9000E-01  6.8600E+00  1.5057E-01  7.8095E-02  1.1196E-01  9.8103E-02  1.2195E-01
 4.9850E-01  6.9790E+00  1.4405E-01  7.4071E-02  1.0680E-01  9.3415E-02  1.1644E-01
 5.0700E-01  7.0980E+00  1.3762E-01  7.0139E-02  1.0173E-01  8.8830E-02  1.1104E-01
 5.1550E-01  7.2170E+00  1.3130E-01  6.6301E-02  9.6774E-02  8.4355E-02  1.0575E-01
 5.2400E-01  7.3360E+00  1.2509E-01  6.2564E-02  9.1926E-02  7.9993E-02  1.0058E-01
 5.3250E-01  7.4550E+00  1.1900E-01  5.8931E-02  8.7195E-02  7.5750E-02  9.5532E-02
 5.4100E-01  7.5740E+00  1.1305E-01  5.5407E-02  8.2587E-02  7.1629E-02  9.0614E-02
 5.4950E-01  7.6930E+00  1.0722E-01  5.1996E-02  7.8107E-02  6.7634E-02  8.5830E-02
 5.5800E-01  7.8120E+00  1.0155E-01  4.8700E-02  7.3758E-02  6.3768E-02  8.1184E-02
 5.6650E-01  7.9310E+00  9.6017E-02  4.5522E-02  6.9544E-02  6.0033E-02  7.6680E-02
 5.7500E-01  8.0500E+00  9.0641E-02  4.2466E-02  6.5468E-02  5.6431E-02  7.2321E-02
 5.8350E-01  8.1690E+00  8.5424E-02  3.9532E-02  6.1533E-02  5.2964E-02  6.8109E-02
 5.9200E-01  8.2880E+00  8.0370E-02  3.6723E-02  5.7741E-02  4.9634E-02  6.4047E-02
 6.0050E-01  8.4070E+00  7.5480E-02  3.4038E-02  5.4091E-02  4.6438E-02  6.0133E-02
 6.0900E-01  8.5260E+00  7.0759E-02  3.1478E-02  5.0585E-02  4.3379E-02  5.6371E-02
 6.1750E-01  8.6450E+00  6.6209E-02  2.9044E-02  4.7226E-02  4.0456E-02  5.2761E-02
 6.2600E-01  8.7640E+00  6.1832E-02  2.6735E-02  4.4012E-02  3.7668E-02  4.9302E-02
 6.3450E-01  8.8830E+00  5.7629E-02  2.4551E-02  4.0942E-02  3.5013E-02  4.5995E-02
 6.4300E-01  9.0020E+00  5.3601E-02  2.2489E-02  3.8016E-02  3.2491E-02  4.2837E-02
 6.5150E-01  9.1210E+00  4.9748E-02  2.0548E-02  3.5233E-02  3.0099E-02  3.9828E-02
 6.6000E-01  9.2400E+00  4.6069E-02  1.8726E-02  3.2591E-02  2.7835E-02  3.6966E-02
 6.6850E-01  9.3590E+00  4.2563E-02  1.7020E-02  3.0087E-02  2.5696E-02  3.4248E-02
 6.7700E-01  9.4780E+00  3.9230E-02  1.5427E-02  2.7720E-02  2.3679E-02  3.1673E-02
 6.8550E-01  9.5970E+00  3.6067E-02  1.3943E-02  2.5485E-02  2.1781E-02  2.9237E-02
 6.9400E-01  9.7160E+00  3.3072E-02  1.2566E-02  2.3381E-02  1.9999E-02  2.6937E-02
 7.0250E-01  9.8350E+00  3.0242E-02  1.1290E-02  2.1404E-02  1.8328E-02  2.4770E-02
 7.1100E-01  9.9540E+00  2.7576E-02  1.0113E-02  1.9549E-02  1.6765E-02  2.2732E-02
 7.1950E-01  1.0073E+01  2.5068E-02  9.0291E-03  1.7814E-02  1.5305E-02  2.0819E-02
 7.2800E-01  1.0192E+01  2.2716E-02  8.0348E-03  1.6194E-02  1.3946E-02  1.9028E-02
 7.3650E-01  1.0311E+01  2.0515E-02  7.1253E-03  1.4685E-02  1.2682E-02  1.7353E-02
 7.4500E-01  1.0430E+01  1.8462E-02  6.2961E-03  1.3283E-02  1.1510E-02  1.5792E-02
 7.5350E-01  1.0549E+01  1.6552E-02  5.5424E-03  1.1983E-02  1.0425E-02  1.4339E-02
 7.6200E-01  1.0668E+01  1.4780E-02  4.8598E-03  1.0781E-02  9.4224E-03  1.2990E-02
 7.7050E-01  1.0787E+01  1.3141E-02  4.2436E-03  9.6726E-03  8.4986E-03  1.1741E-02
 7.7900E-01  1.0906E+01  1.1631E-02  3.6892E-03  8.6529E-03  7.6492E-03  1.0586E-02
 7.8750E-01  1.1025E+01  1.0243E-02  3.1924E-03  7.7176E-03  6.8699E-03  9.5220E-03
 7.9600E-01  1.1144E+01  8.9741E-03  2.7488E-03  6.8622E-03  6.1566E-03  8.5435E-03
 8.0450E-01  1.1263E+01  7.8187E-03  2.3546E-03  6.0821E-03  5.5054E-03  7.6464E-03
 8.1300E-01  1.1382E+01  6.7709E-03  2.0055E-03  5.3729E-03  4.9123E-03  6.8260E-03
 8.2150E-01  1.1501E+01  5.8235E-03  1.6975E-03  4.7304E-03  4.3734E-03  6.0778E-03
 8.3000E-01  1.1620E+01  4.9700E-03  1.4266E-03  4.1502E-03  3.8851E-03  5.3975E-03
 8.3850E-01  1.1739E+01  4.2056E-03  1.1898E-03  3.6283E-03  3.4438E-03  4.7808E-03
 8.4700E-01  1.1858E+01  3.5275E-03  9.8424E-04  3.1604E-03  3.0459E-03  4.2232E-03
 8.5550E-01  1.1977E+01  2.9320E-03  8.0732E-04  2.7425E-03  2.6880E-03  3.7206E-03
 8.6400E-01  1.2096E+01  2.4140E-03  6.5632E-04  2.3712E-03  2.3673E-03  3.2694E-03
 8.7250E-01  1.2215E+01  1.9652E-03  5.2795E-04  2.0424E-03  2.0805E-03  2.8655E-03
 8.8100E-01  1.2334E+01  1.5771E-03  4.1898E-04  1.7528E-03  1.8250E-03  2.5053E-03
 8.8950E-01  1.2453E+01  1.2431E-03  3.2687E-04  1.4987E-03  1.5979E-03  2.1851E-03
 8.9800E-01  1.2572E+01  9.5835E-04  2.4967E-04  1.2769E-03  1.3967E-03  1.9016E-03
 9.0650E-01  1.2691E+01  7.1914E-04  1.8579E-04  1.0844E-03  1.2190E-03  1.6514E-03
 9.1500E-01  1.2810E+01  5.2218E-04  1.3391E-04  9.1834E-04  1.0624E-03  1.4314E-03
 9.2350E-01  1.2929E+01  3.6422E-04  9.2790E-05  7.7584E-04  9.2489E-04  1.2387E-03
 9.3200E-01  1.3048E+01  2.4165E-04  6.1211E-05  6.5439E-04  8.0444E-04  1.0705E-03
 9.4050E-01  1.3167E+01  1.5047E-04  3.7923E-05  5.5150E-04  6.9925E-04  9.2420E-04
 9.4900E-01  1.3286E+01  8.6219E-05  2.1634E-05  4.6484E-04  6.0760E-04  7.9738E-04
 9.5750E-01  1.3405E+01  4.4102E-05  1.1024E-05  3.9224E-04  5.2793E-04  6.8777E-04
 9.6600E-01  1.3524E+01  1.9143E-05  4.7694E-06  3.3166E-04  4.5881E-04  5.9329E-04
 9.7450E-01  1.3643E+01  6.4124E-06  1.5931E-06  2.8125E-04  3.9895E-04  5.1204E-04
 9.8300E-01  1.3762E+01  1.3396E-06  3.3202E-07  2.3936E-04  3.4718E-04  4.4232E-04
 9.9150E-01  1.3881E+01  8.8452E-08  2.1878E-08  2.0451E-04  3.0243E-04  3.8254E-04
 1.0000E+00  1.4000E+01  0.0000E+00  0.0000E+00  1.7548E-04  2.6379E-04  3.3135E-04
