 1.5000E-01  2.1000E+00  3.5866E-01  2.7842E-01  3.2195E-01  3.1125E-01  3.3819E-01
 1.5850E-01  2.2190E+00  3.5786E-01  2.7352E-01  3.1891E-01  3.0734E-01  3.3567E-01
 1.6700E-01  2.3380E+00  3.5659E-01  2.6837E-01  3.1552E-01  3.0313E-01  3.3277E-01
 1.7550E-01  2.4570E+00  3.5491E-01  2.6304E-01  3.1182E-01  2.9868E-01  3.2953E-01
 1.8400E-01  2.5760E+00  3.5285E-01  2.5756E-01  3.0787E-01  2.9400E-01  3.2599E-01
 1.9250E-01  2.6950E+00  3.5044E-01  2.5198E-01  3.0370E-01  2.8915E-01  3.2219E-01
 2.0100E-01  2.8140E+00  3.4770E-01  2.4633E-01  2.9932E-01  2.8415E-01  3.1814E-01
 2.0950E-01  2.9330E+00  3.4464E-01  2.4066E-01  2.9478E-01  2.7903E-01  3.1387E-01
 2.1800E-01  3.0520E+00  3.4129E-01  2.3497E-01  2.9008E-01  2.7380E-01  3.0940E-01
 2.2650E-01  3.1710E+00  3.3766E-01  2.2929E-01  2.8524E-01  2.6849E-01  3.0474E-01
 2.3500E-01  3.2900E+00  3.3376E-01  2.2365E-01  2.8029E-01  2.6310E-01  2.9991E-01
 2.4350E-01  3.4090E+00  3.2964E-01  2.1810E-01  2.7526E-01  2.5770E-01  2.9495E-01
 2.5200E-01  3.5280E+00  3.2528E-01  2.1261E-01  2.7014E-01  2.5224E-01  2.8986E-01
 2.6050E-01  3.6470E+00  3.2071E-01  2.0717E-01  2.6494E-01  2.4676E-01  2.8463E-01
 2.6900E-01  3.7660E+00  3.1593E-01  2.0180E-01  2.5967E-01  2.4124E-01  2.7928E-01
 2.7750E-01  3.8850E+00  3.1095E-01  1.9648E-01  2.5432E-01  2.3569E-01  2.7381E-01
 2.8600E-01  4.0040E+00  3.0577E-01  1.9122E-01  2.4890E-01  2.3011E-01  2.6824E-01
 2.9450E-01  4.1230E+00  3.0042E-01  1.8602E-01  2.4343E-01  2.2452E-01  2.6257E-01
 3.0300E-01  4.2420E+00  2.9491E-01  1.8088E-01  2.3789E-01  2.1890E-01  2.5680E-01
 3.1150E-01  4.3610E+00  2.8923E-01  1.7579E-01  2.3231E-01  2.1327E-01  2.5095E-01
 3.2000E-01  4.4800E+00  2.8338E-01  1.7073E-01  2.2666E-01  2.0760E-01  2.4500E-01
 3.2850E-01  4.5990E+00  2.7739E-01  1.6571E-01  2.2096E-01  2.0191E-01  2.3897E-01
 3.3700E-01  4.7180E+00  2.7126E-01  1.6073E-01  2.1521E-01  1.9621E-01  2.3286E-01
 3.4550E-01  4.8370E+00  2.6500E-01  1.5579E-01  2.0942E-01  1.9051E-01  2.2670E-01
 3.5400E-01  4.9560E+00  2.5863E-01  1.5089E-01  2.0359E-01  1.8479E-01  2.2048E-01
 3.6250E-01  5.0750E+00  2.5215E-01  1.4602E-01  1.9774E-01  1.7908E-01  2.1421E-01
 3.7100E-01  5.1940E+00  2.4558E-01  1.4118E-01  1.9187E-01  1.7337E-01  2.0791E-01
 3.7950E-01  5.3130E+00  2.3892E-01  1.3638E-01  1.8598E-01  1.6767E-01  2.0159E-01
 3.8800E-01  5.4320E+00  2.3220E-01  1.3161E-01  1.8009E-01  1.6199E-01  1.9524E-01
 3.9650E-01  5.5510E+00  2.2542E-01  1.2688E-01  1.7420E-01  1.5633E-01  1.8889E-01
 4.0500E-01  5.6700E+00  2.1859E-01  1.2218E-01  1.6831E-01  1.5071E-01  1.8255E-01
 4.1350E-01  5.7890E+00  2.1173E-01  1.1753E-01  1.6244E-01  1.4512E-01  1.7622E-01
 4.2200E-01  5.9080E+00  2.0486E-01  1.1292E-01  1.5660E-01  1.3957E-01  1.6991E-01
 4.3050E-01  6.0270E+00  1.9797E-01  1.0836E-01  1.5079E-01  1.3408E-01  1.6363E-01
 4.3900E-01  6.1460E+00  1.9109E-01  1.0385E-01  1.4502E-01  1.2865E-01  1.5741E-01
 4.4750E-01  6.2650E+00  1.8422E-01  9.9387E-02  1.3930E-01  1.2328E-01  1.5123E-01
 4.5600E-01  6.3840E+00  1.7739E-01  9.4989E-02  1.3364E-01  1.1799E-01  1.4512E-01
 4.6450E-01  6.5030E+00  1.7059E-01  9.0656E-02  1.2804E-01  1.1278E-01  1.3909E-01
 4.7300E-01  6.6220E+00  1.6385E-01  8.6392E-02  1.2252E-01  1.0765E-01  1.3314E-01
 4.8150E-01  6.7410E+00  1.5717E-01  8.2203E-02  1.1709E-01  1.0262E-01  1.2728E-01
 4.9000E-01  6.8600E+00  1.5057E-01  7.8095E-02  1.1174E-01  9.7699E-02  1.2152E-01
 4.9850E-01  6.9790E+00  1.4405E-01  7.4071E-02  1.0649E-01  9.2881E-02  1.1586E-01
 5.0700E-01  7.0980E+00  1.3762E-01  7.0139E-02  1.0135E-01  8.8176E-02  1.1033E-01
 5.1550E-01  7.2170E+00  1.3130E-01  6.6301E-02  9.6323E-02  8.3591E-02  1.0492E-01
 5.2400E-01  7.3360E+00  1.2509E-01  6.2564E-02  9.1411E-02  7.9130E-02  9.9633E-02
 5.3250E-01  7.4550E+00  1.1900E-01  5.8931E-02  8.6622E-02  7.4797E-02  9.4484E-02
 5.4100E-01  7.5740E+00  1.1305E-01  5.5407E-02  8.1962E-02  7.0595E-02  8.9475E-02
 5.4950E-01  7.6930E+00  1.0722E-01  5.1996E-02  7.7435E-02  6.6530E-02  8.4610E-02
 5.5800E-01  7.8120E+00  1.0155E-01  4.8700E-02  7.3046E-02  6.2603E-02  7.9894E-02
 5.6650E-01  7.9310E+00  9.6017E-02  4.5522E-02  6.8796E-02  5.8816E-02  7.5330E-02
 5.7500E-01  8.0500E+00  9.0641E-02  4.2466E-02  6.4691E-02  5.5172E-02  7.0920E-02
 5.8350E-01  8.1690E+00  8.5424E-02  3.9532E-02  6.0732E-02  5.1671E-02  6.6667E-02
 5.9200E-01  8.2880E+00  8.0370E-02  3.6723E-02  5.6919E-02  4.8314E-02  6.2572E-02
 6.0050E-01  8.4070E+00  7.5480E-02  3.4038E-02  5.3255E-02  4.5100E-02  5.8635E-02
 6.0900E-01  8.5260E+00  7.0759E-02  3.1478E-02  4.9740E-02  4.2029E-02  5.4857E-02
 6.1750E-01  8.6450E+00  6.6209E-02  2.9044E-02  4.6375E-02  3.9102E-02  5.1238E-02
 6.2600E-01  8.7640E+00  6.1832E-02  2.6735E-02  4.3160E-02  3.6316E-02  4.7779E-02
 6.3450E-01  8.8830E+00  5.7629E-02  2.4551E-02  4.0093E-02  3.3669E-02  4.4477E-02
 6.4300E-01  9.0020E+00  5.3601E-02  2.2489E-02  3.7173E-02  3.1161E-02  4.1331E-02
 6.5150E-01  9.1210E+00  4.9748E-02  2.0548E-02  3.4399E-02  2.8787E-02  3.8340E-02
 6.6000E-01  9.2400E+00  4.6069E-02  1.8726E-02  3.1769E-02  2.6546E-02  3.5501E-02
 6.6850E-01  9.3590E+00  4.2563E-02  1.7020E-02  2.9280E-02  2.4434E-02  3.2812E-02
 6.7700E-01  9.4780E+00  3.9230E-02  1.5427E-02  2.6930E-02  2.2447E-02  3.0268E-02
 6.8550E-01  9.5970E+00  3.6067E-02  1.3943E-02  2.4715E-02  2.0583E-02  2.7868E-02
 6.9400E-01  9.7160E+00  3.3072E-02  1.2566E-02  2.2633E-02  1.8836E-02  2.5606E-02
 7.0250E-01  9.8350E+00  3.0242E-02  1.1290E-02  2.0678E-02  1.7203E-02  2.3481E-02
 7.1100E-01  9.9540E+00  2.7576E-02  1.0113E-02  1.8848E-02  1.5680E-02  2.1487E-02
 7.1950E-01  1.0073E+01  2.5068E-02  9.0291E-03  1.7138E-02  1.4263E-02  1.9620E-02
 7.2800E-01  1.0192E+01  2.2716E-02  8.0348E-03  1.5545E-02  1.2946E-02  1.7875E-02
 7.3650E-01  1.0311E+01  2.0515E-02  7.1253E-03  1.4063E-02  1.1725E-02  1.6249E-02
 7.4500E-01  1.0430E+01  1.8462E-02  6.2961E-03  1.2688E-02  1.0597E-02  1.4737E-02
 7.5350E-01  1.0549E+01  1.6552E-02  5.5424E-03  1.1416E-02  9.5552E-03  1.3333E-02
 7.6200E-01  1.0668E+01  1.4780E-02  4.8598E-03  1.0242E-02  8.5964E-03  1.2034E-02
 7.7050E-01  1.0787E+01  1.3141E-02  4.2436E-03  9.1609E-03  7.7157E-03  1.0833E-02
 7.7900E-01  1.0906E+01  1.1631E-02  3.6892E-03  8.1685E-03  6.9087E-03  9.7271E-03
 7.8750E-01  1.1025E+01  1.0243E-02  3.1924E-03  7.2602E-03  6.1711E-03  8.7107E-03
 7.9600E-01  1.1144E+01  8.9741E-03  2.7488E-03  6.4311E-03  5.4985E-03  7.7790E-03
 8.0450E-01  1.1263E+01  7.8187E-03  2.3546E-03  5.6768E-03  4.8869E-03  6.9275E-03
 8.1300E-01  1.1382E+01  6.7709E-03  2.0055E-03  4.9927E-03  4.3320E-03  6.1513E-03
 8.2150E-01  1.1501E+01  5.8235E-03  1.6975E-03  4.3743E-03  3.8301E-03  5.4459E-03
 8.3000E-01  1.1620E+01  4.9700E-03  1.4266E-03  3.8175E-03  3.3773E-03  4.8068E-03
 8.3850E-01  1.1739E+01  4.2056E-03  1.1898E-03  3.3180E-03  2.9699E-03  4.2296E-03
 8.4700E-01  1.1858E+01  3.5275E-03  9.8424E-04  2.8715E-03  2.6044E-03  3.7098E-03
 8.5550E-01  1.1977E+01  2.9320E-03  8.0732E-04  2.4740E-03  2.2775E-03  3.2433E-03
 8.6400E-01  1.2096E+01  2.4140E-03  6.5632E-04  2.1220E-03  1.9860E-03  2.8263E-03
 8.7250E-01  1.2215E+01  1.9652E-03  5.2795E-04  1.8116E-03  1.7270E-03  2.4548E-03
 8.8100E-01  1.2334E+01  1.5771E-03  4.1898E-04  1.5392E-03  1.4976E-03  2.1251E-03
 8.8950E-01  1.2453E+01  1.2431E-03  3.2687E-04  1.3014E-03  1.2950E-03  1.8337E-03
 8.9800E-01  1.2572E+01  9.5835E-04  2.4967E-04  1.0948E-03  1.1169E-03  1.5771E-03
 9.0650E-01  1.2691E+01  7.1914E-04  1.8579E-04  9.1660E-04  9.6067E-04  1.3522E-03
 9.1500E-01  1.2810E+01  5.2218E-04  1.3391E-04  7.6377E-04  8.2422E-04  1.1557E-03
 9.2350E-01  1.2929E+01  3.6422E-04  9.2790E-05  6.3362E-04  7.0546E-04  9.8494E-04
 9.3200E-01  1.3048E+01  2.4165E-04  6.1211E-05  5.2363E-04  6.0246E-04  8.3710E-04
 9.4050E-01  1.3167E+01  1.5047E-04  3.7923E-05  4.3134E-04  5.1344E-04  7.0968E-04
 9.4900E-01  1.3286E+01  8.6219E-05  2.1634E-05  3.5450E-04  4.3678E-04  6.0031E-04
 9.5750E-01  1.3405E+01  4.4102E-05  1.1024E-05  2.9094E-04  3.7097E-04  5.0683E-04
 9.6600E-01  1.3524E+01  1.9143E-05  4.7694E-06  2.3871E-04  3.1467E-04  4.2722E-04
 9.7450E-01  1.3643E+01  6.4124E-06  1.5931E-06  1.9599E-04  2.6662E-04  3.5967E-04
 9.8300E-01  1.3762E+01  1.3396E-06  3.3202E-07  1.6117E-04  2.2575E-04  3.0254E-04
 9.9150E-01  1.3881E+01  8.8452E-08  2.1878E-08  1.3283E-04  1.9105E-04  2.5435E-04
 1.0000E+00  1.4000E+01  0.0000E+00  0.0000E+00  1.0978E-04  1.6165E-04  2.1381E-04
