 1.5000E-01  2.1000E+00  3.4777E-01  2.7044E-01  3.0962E-01  2.9736E-01  3.2323E-01
 1.5850E-01  2.2190E+00  3.4748E-01  2.6678E-01  3.0738E-01  2.9435E-01  3.2135E-01
 1.6700E-01  2.3380E+00  3.4664E-01  2.6276E-01  3.0472E-01  2.9097E-01  3.1903E-01
 1.7550E-01  2.4570E+00  3.4532E-01  2.5844E-01  3.0168E-01  2.8726E-01  3.1631E-01
 1.8400E-01  2.5760E+00  3.4357E-01  2.5387E-01  2.9832E-01  2.8326E-01  3.1324E-01
 1.9250E-01  2.6950E+00  3.4142E-01  2.4909E-01  2.9466E-01  2.7903E-01  3.0986E-01
 2.0100E-01  2.8140E+00  3.3888E-01  2.4417E-01  2.9076E-01  2.7460E-01  3.0620E-01
 2.0950E-01  2.9330E+00  3.3600E-01  2.3912E-01  2.8664E-01  2.6999E-01  3.0229E-01
 2.1800E-01  3.0520E+00  3.3279E-01  2.3398E-01  2.8231E-01  2.6523E-01  2.9815E-01
 2.2650E-01  3.1710E+00  3.2928E-01  2.2878E-01  2.7782E-01  2.6035E-01  2.9380E-01
 2.3500E-01  3.2900E+00  3.2548E-01  2.2355E-01  2.7317E-01  2.5537E-01  2.8927E-01
 2.4350E-01  3.4090E+00  3.2144E-01  2.1834E-01  2.6842E-01  2.5034E-01  2.8460E-01
 2.5200E-01  3.5280E+00  3.1717E-01  2.1313E-01  2.6357E-01  2.4524E-01  2.7979E-01
 2.6050E-01  3.6470E+00  3.1268E-01  2.0794E-01  2.5861E-01  2.4009E-01  2.7484E-01
 2.6900E-01  3.7660E+00  3.0798E-01  2.0276E-01  2.5357E-01  2.3489E-01  2.6978E-01
 2.7750E-01  3.8850E+00  3.0308E-01  1.9760E-01  2.4845E-01  2.2966E-01  2.6462E-01
 2.8600E-01  4.0040E+00  2.9801E-01  1.9247E-01  2.4326E-01  2.2440E-01  2.5935E-01
 2.9450E-01  4.1230E+00  2.9277E-01  1.8737E-01  2.3801E-01  2.1911E-01  2.5400E-01
 3.0300E-01  4.2420E+00  2.8738E-01  1.8230E-01  2.3271E-01  2.1380E-01  2.4857E-01
 3.1150E-01  4.3610E+00  2.8186E-01  1.7727E-01  2.2737E-01  2.0849E-01  2.4308E-01
 3.2000E-01  4.4800E+00  2.7618E-01  1.7226E-01  2.2196E-01  2.0314E-01  2.3749E-01
 3.2850E-01  4.5990E+00  2.7038E-01  1.6728E-01  2.1652E-01  1.9779E-01  2.3185E-01
 3.3700E-01  4.7180E+00  2.6446E-01  1.6233E-01  2.1104E-01  1.9243E-01  2.2616E-01
 3.4550E-01  4.8370E+00  2.5845E-01  1.5743E-01  2.0554E-01  1.8708E-01  2.2044E-01
 3.5400E-01  4.9560E+00  2.5235E-01  1.5256E-01  2.0002E-01  1.8173E-01  2.1467E-01
 3.6250E-01  5.0750E+00  2.4618E-01  1.4774E-01  1.9449E-01  1.7640E-01  2.0889E-01
 3.7100E-01  5.1940E+00  2.3994E-01  1.4296E-01  1.8896E-01  1.7109E-01  2.0309E-01
 3.7950E-01  5.3130E+00  2.3364E-01  1.3823E-01  1.8344E-01  1.6580E-01  1.9728E-01
 3.8800E-01  5.4320E+00  2.2731E-01  1.3354E-01  1.7792E-01  1.6054E-01  1.9147E-01
 3.9650E-01  5.5510E+00  2.2094E-01  1.2890E-01  1.7242E-01  1.5531E-01  1.8567E-01
 4.0500E-01  5.6700E+00  2.1455E-01  1.2431E-01  1.6694E-01  1.5013E-01  1.7989E-01
 4.1350E-01  5.7890E+00  2.0816E-01  1.1979E-01  1.6149E-01  1.4499E-01  1.7413E-01
 4.2200E-01  5.9080E+00  2.0176E-01  1.1531E-01  1.5608E-01  1.3991E-01  1.6841E-01
 4.3050E-01  6.0270E+00  1.9538E-01  1.1090E-01  1.5071E-01  1.3488E-01  1.6273E-01
 4.3900E-01  6.1460E+00  1.8902E-01  1.0656E-01  1.4540E-01  1.2991E-01  1.5710E-01
 4.4750E-01  6.2650E+00  1.8269E-01  1.0228E-01  1.4014E-01  1.2501E-01  1.5152E-01
 4.5600E-01  6.3840E+00  1.7641E-01  9.8080E-02  1.3494E-01  1.2019E-01  1.4601E-01
 4.6450E-01  6.5030E+00  1.7017E-01  9.3952E-02  1.2982E-01  1.1544E-01  1.4056E-01
 4.7300E-01  6.6220E+00  1.6399E-01  8.9903E-02  1.2476E-01  1.1077E-01  1.3519E-01
 4.8150E-01  6.7410E+00  1.5788E-01  8.5937E-02  1.1979E-01  1.0619E-01  1.2990E-01
 4.9000E-01  6.8600E+00  1.5184E-01  8.2056E-02  1.1490E-01  1.0170E-01  1.2470E-01
 4.9850E-01  6.9790E+00  1.4589E-01  7.8263E-02  1.1010E-01  9.7302E-02  1.1959E-01
 5.0700E-01  7.0980E+00  1.4002E-01  7.4563E-02  1.0540E-01  9.3004E-02  1.1458E-01
 5.1550E-01  7.2170E+00  1.3425E-01  7.0958E-02  1.0079E-01  8.8806E-02  1.0967E-01
 5.2400E-01  7.3360E+00  1.2858E-01  6.7450E-02  9.6287E-02  8.4713E-02  1.0487E-01
 5.3250E-01  7.4550E+00  1.2302E-01  6.4041E-02  9.1889E-02  8.0726E-02  1.0017E-01
 5.4100E-01  7.5740E+00  1.1757E-01  6.0733E-02  8.7600E-02  7.6848E-02  9.5586E-02
 5.4950E-01  7.6930E+00  1.1224E-01  5.7529E-02  8.3422E-02  7.3080E-02  9.1117E-02
 5.5800E-01  7.8120E+00  1.0703E-01  5.4428E-02  7.9357E-02  6.9424E-02  8.6767E-02
 5.6650E-01  7.9310E+00  1.0194E-01  5.1433E-02  7.5408E-02  6.5882E-02  8.2536E-02
 5.7500E-01  8.0500E+00  9.6978E-02  4.8545E-02  7.1575E-02  6.2452E-02  7.8427E-02
 5.8350E-01  8.1690E+00  9.2147E-02  4.5762E-02  6.7861E-02  5.9138E-02  7.4440E-02
 5.9200E-01  8.2880E+00  8.7449E-02  4.3086E-02  6.4266E-02  5.5937E-02  7.0577E-02
 6.0050E-01  8.4070E+00  8.2884E-02  4.0514E-02  6.0788E-02  5.2850E-02  6.6837E-02
 6.0900E-01  8.5260E+00  7.8454E-02  3.8048E-02  5.7430E-02  4.9877E-02  6.3222E-02
 6.1750E-01  8.6450E+00  7.4161E-02  3.5686E-02  5.4191E-02  4.7016E-02  5.9731E-02
 6.2600E-01  8.7640E+00  7.0004E-02  3.3428E-02  5.1071E-02  4.4268E-02  5.6364E-02
 6.3450E-01  8.8830E+00  6.5987E-02  3.1271E-02  4.8068E-02  4.1631E-02  5.3120E-02
 6.4300E-01  9.0020E+00  6.2107E-02  2.9214E-02  4.5183E-02  3.9103E-02  5.0000E-02
 6.5150E-01  9.1210E+00  5.8366E-02  2.7255E-02  4.2415E-02  3.6683E-02  4.7001E-02
 6.6000E-01  9.2400E+00  5.4763E-02  2.5393E-02  3.9760E-02  3.4370E-02  4.4124E-02
 6.6850E-01  9.3590E+00  5.1297E-02  2.3624E-02  3.7219E-02  3.2160E-02  4.1365E-02
 6.7700E-01  9.4780E+00  4.7967E-02  2.1947E-02  3.4789E-02  3.0053E-02  3.8724E-02
 6.8550E-01  9.5970E+00  4.4772E-02  2.0358E-02  3.2468E-02  2.8046E-02  3.6199E-02
 6.9400E-01  9.7160E+00  4.1712E-02  1.8855E-02  3.0255E-02  2.6136E-02  3.3788E-02
 7.0250E-01  9.8350E+00  3.8784E-02  1.7435E-02  2.8146E-02  2.4321E-02  3.1489E-02
 7.1100E-01  9.9540E+00  3.5986E-02  1.6095E-02  2.6141E-02  2.2599E-02  2.9300E-02
 7.1950E-01  1.0073E+01  3.3318E-02  1.4832E-02  2.4236E-02  2.0967E-02  2.7218E-02
 7.2800E-01  1.0192E+01  3.0778E-02  1.3644E-02  2.2429E-02  1.9423E-02  2.5241E-02
 7.3650E-01  1.0311E+01  2.8363E-02  1.2526E-02  2.0717E-02  1.7963E-02  2.3367E-02
 7.4500E-01  1.0430E+01  2.6070E-02  1.1477E-02  1.9098E-02  1.6585E-02  2.1593E-02
 7.5350E-01  1.0549E+01  2.3899E-02  1.0494E-02  1.7570E-02  1.5287E-02  1.9916E-02
 7.6200E-01  1.0668E+01  2.1847E-02  9.5723E-03  1.6130E-02  1.4065E-02  1.8334E-02
 7.7050E-01  1.0787E+01  1.9910E-02  8.7105E-03  1.4774E-02  1.2918E-02  1.6845E-02
 7.7900E-01  1.0906E+01  1.8087E-02  7.9055E-03  1.3501E-02  1.1841E-02  1.5444E-02
 7.8750E-01  1.1025E+01  1.6375E-02  7.1547E-03  1.2307E-02  1.0833E-02  1.4130E-02
 7.9600E-01  1.1144E+01  1.4771E-02  6.4555E-03  1.1191E-02  9.8906E-03  1.2899E-02
 8.0450E-01  1.1263E+01  1.3273E-02  5.8053E-03  1.0148E-02  9.0115E-03  1.1749E-02
 8.1300E-01  1.1382E+01  1.1877E-02  5.2018E-03  9.1771E-03  8.1929E-03  1.0677E-02
 8.2150E-01  1.1501E+01  1.0580E-02  4.6428E-03  8.2748E-03  7.4321E-03  9.6790E-03
 8.3000E-01  1.1620E+01  9.3805E-03  4.1260E-03  7.4384E-03  6.7265E-03  8.7528E-03
 8.3850E-01  1.1739E+01  8.2745E-03  3.6496E-03  6.6654E-03  6.0737E-03  7.8952E-03
 8.4700E-01  1.1858E+01  7.2593E-03  3.2115E-03  5.9528E-03  5.4708E-03  7.1030E-03
 8.5550E-01  1.1977E+01  6.3307E-03  2.8097E-03  5.2977E-03  4.9154E-03  6.3731E-03
 8.6400E-01  1.2096E+01  5.4848E-03  2.4424E-03  4.6978E-03  4.4051E-03  5.7026E-03
 8.7250E-01  1.2215E+01  4.7173E-03  2.1078E-03  4.1502E-03  3.9376E-03  5.0885E-03
 8.8100E-01  1.2334E+01  4.0252E-03  1.8043E-03  3.6522E-03  3.5105E-03  4.5278E-03
 8.8950E-01  1.2453E+01  3.4064E-03  1.5308E-03  3.2012E-03  3.1214E-03  4.0174E-03
 8.9800E-01  1.2572E+01  2.8584E-03  1.2860E-03  2.7944E-03  2.7680E-03  3.5544E-03
 9.0650E-01  1.2691E+01  2.3773E-03  1.0685E-03  2.4290E-03  2.4480E-03  3.1355E-03
 9.1500E-01  1.2810E+01  1.9586E-03  8.7656E-04  2.1022E-03  2.1592E-03  2.7581E-03
 9.2350E-01  1.2929E+01  1.5957E-03  7.0831E-04  1.8112E-03  1.8994E-03  2.4191E-03
 9.3200E-01  1.3048E+01  1.2829E-03  5.6196E-04  1.5533E-03  1.6666E-03  2.1158E-03
 9.4050E-01  1.3167E+01  1.0155E-03  4.3601E-04  1.3259E-03  1.4586E-03  1.8454E-03
 9.4900E-01  1.3286E+01  7.8927E-04  3.2916E-04  1.1264E-03  1.2736E-03  1.6052E-03
 9.5750E-01  1.3405E+01  6.0060E-04  2.4021E-04  9.5242E-04  1.1096E-03  1.3929E-03
 9.6600E-01  1.3524E+01  4.4595E-04  1.6803E-04  8.0181E-04  9.6480E-04  1.2059E-03
 9.7450E-01  1.3643E+01  3.2176E-04  1.1151E-04  6.7256E-04  8.3746E-04  1.0419E-03
 9.8300E-01  1.3762E+01  2.2434E-04  6.9485E-05  5.6274E-04  7.2590E-04  8.9867E-04
 9.9150E-01  1.3881E+01  1.4995E-04  4.0761E-05  4.7041E-04  6.2849E-04  7.7412E-04
 1.0000E+00  1.4000E+01  9.4869E-05  2.3873E-05  3.9354E-04  5.4377E-04  6.6625E-04
