 1.5000E-01  2.1000E+00  3.4777E-01  2.7044E-01  3.1263E-01  3.0252E-01  3.2843E-01
 1.5850E-01  2.2190E+00  3.4748E-01  2.6678E-01  3.1045E-01  2.9960E-01  3.2666E-01
 1.6700E-01  2.3380E+00  3.4664E-01  2.6276E-01  3.0783E-01  2.9628E-01  3.2441E-01
 1.7550E-01  2.4570E+00  3.4532E-01  2.5844E-01  3.0482E-01  2.9261E-01  3.2174E-01
 1.8400E-01  2.5760E+00  3.4357E-01  2.5387E-01  3.0147E-01  2.8864E-01  3.1871E-01
 1.9250E-01  2.6950E+00  3.4142E-01  2.4909E-01  2.9782E-01  2.8440E-01  3.1534E-01
 2.0100E-01  2.8140E+00  3.3888E-01  2.4417E-01  2.9391E-01  2.7994E-01  3.1167E-01
 2.0950E-01  2.9330E+00  3.3600E-01  2.3912E-01  2.8977E-01  2.7529E-01  3.0773E-01
 2.1800E-01  3.0520E+00  3.3279E-01  2.3398E-01  2.8542E-01  2.7048E-01  3.0354E-01
 2.2650E-01  3.1710E+00  3.2928E-01  2.2878E-01  2.8088E-01  2.6552E-01  2.9912E-01
 2.3500E-01  3.2900E+00  3.2548E-01  2.2355E-01  2.7618E-01  2.6044E-01  2.9450E-01
 2.4350E-01  3.4090E+00  3.2144E-01  2.1834E-01  2.7138E-01  2.5530E-01  2.8973E-01
 2.5200E-01  3.5280E+00  3.1717E-01  2.1313E-01  2.6645E-01  2.5008E-01  2.8481E-01
 2.6050E-01  3.6470E+00  3.1268E-01  2.0794E-01  2.6142E-01  2.4479E-01  2.7973E-01
 2.6900E-01  3.7660E+00  3.0798E-01  2.0276E-01  2.5630E-01  2.3945E-01  2.7453E-01
 2.7750E-01  3.8850E+00  3.0308E-01  1.9760E-01  2.5109E-01  2.3406E-01  2.6921E-01
 2.8600E-01  4.0040E+00  2.9801E-01  1.9247E-01  2.4580E-01  2.2863E-01  2.6377E-01
 2.9450E-01  4.1230E+00  2.9277E-01  1.8737E-01  2.4045E-01  2.2316E-01  2.5825E-01
 3.0300E-01  4.2420E+00  2.8738E-01  1.8230E-01  2.3505E-01  2.1768E-01  2.5263E-01
 3.1150E-01  4.3610E+00  2.8186E-01  1.7727E-01  2.2959E-01  2.1217E-01  2.4695E-01
 3.2000E-01  4.4800E+00  2.7618E-01  1.7226E-01  2.2407E-01  2.0663E-01  2.4117E-01
 3.2850E-01  4.5990E+00  2.7038E-01  1.6728E-01  2.1851E-01  2.0107E-01  2.3532E-01
 3.3700E-01  4.7180E+00  2.6446E-01  1.6233E-01  2.1291E-01  1.9551E-01  2.2942E-01
 3.4550E-01  4.8370E+00  2.5845E-01  1.5743E-01  2.0729E-01  1.8995E-01  2.2348E-01
 3.5400E-01  4.9560E+00  2.5235E-01  1.5256E-01  2.0165E-01  1.8440E-01  2.1750E-01
 3.6250E-01  5.0750E+00  2.4618E-01  1.4774E-01  1.9600E-01  1.7886E-01  2.1150E-01
 3.7100E-01  5.1940E+00  2.3994E-01  1.4296E-01  1.9035E-01  1.7334E-01  2.0548E-01
 3.7950E-01  5.3130E+00  2.3364E-01  1.3823E-01  1.8470E-01  1.6784E-01  1.9945E-01
 3.8800E-01  5.4320E+00  2.2731E-01  1.3354E-01  1.7905E-01  1.6237E-01  1.9343E-01
 3.9650E-01  5.5510E+00  2.2094E-01  1.2890E-01  1.7343E-01  1.5695E-01  1.8742E-01
 4.0500E-01  5.6700E+00  2.1455E-01  1.2431E-01  1.6783E-01  1.5156E-01  1.8142E-01
 4.1350E-01  5.7890E+00  2.0816E-01  1.1979E-01  1.6227E-01  1.4623E-01  1.7546E-01
 4.2200E-01  5.9080E+00  2.0176E-01  1.1531E-01  1.5674E-01  1.4095E-01  1.6954E-01
 4.3050E-01  6.0270E+00  1.9538E-01  1.1090E-01  1.5126E-01  1.3574E-01  1.6366E-01
 4.3900E-01  6.1460E+00  1.8902E-01  1.0656E-01  1.4584E-01  1.3059E-01  1.5783E-01
 4.4750E-01  6.2650E+00  1.8269E-01  1.0228E-01  1.4048E-01  1.2552E-01  1.5207E-01
 4.5600E-01  6.3840E+00  1.7641E-01  9.8080E-02  1.3518E-01  1.2053E-01  1.4638E-01
 4.6450E-01  6.5030E+00  1.7017E-01  9.3952E-02  1.2995E-01  1.1562E-01  1.4076E-01
 4.7300E-01  6.6220E+00  1.6399E-01  8.9903E-02  1.2481E-01  1.1080E-01  1.3523E-01
 4.8150E-01  6.7410E+00  1.5788E-01  8.5937E-02  1.1975E-01  1.0608E-01  1.2979E-01
 4.9000E-01  6.8600E+00  1.5184E-01  8.2056E-02  1.1477E-01  1.0145E-01  1.2444E-01
 4.9850E-01  6.9790E+00  1.4589E-01  7.8263E-02  1.0990E-01  9.6932E-02  1.1919E-01
 5.0700E-01  7.0980E+00  1.4002E-01  7.4563E-02  1.0512E-01  9.2516E-02  1.1405E-01
 5.1550E-01  7.2170E+00  1.3425E-01  7.0958E-02  1.0044E-01  8.8210E-02  1.0902E-01
 5.2400E-01  7.3360E+00  1.2858E-01  6.7450E-02  9.5877E-02  8.4016E-02  1.0410E-01
 5.3250E-01  7.4550E+00  1.2302E-01  6.4041E-02  9.1420E-02  7.9938E-02  9.9305E-02
 5.4100E-01  7.5740E+00  1.1757E-01  6.0733E-02  8.7078E-02  7.5977E-02  9.4629E-02
 5.4950E-01  7.6930E+00  1.1224E-01  5.7529E-02  8.2851E-02  7.2135E-02  9.0077E-02
 5.5800E-01  7.8120E+00  1.0703E-01  5.4428E-02  7.8744E-02  6.8413E-02  8.5652E-02
 5.6650E-01  7.9310E+00  1.0194E-01  5.1433E-02  7.4756E-02  6.4812E-02  8.1355E-02
 5.7500E-01  8.0500E+00  9.6978E-02  4.8545E-02  7.0890E-02  6.1333E-02  7.7188E-02
 5.8350E-01  8.1690E+00  9.2147E-02  4.5762E-02  6.7147E-02  5.7976E-02  7.3153E-02
 5.9200E-01  8.2880E+00  8.7449E-02  4.3086E-02  6.3528E-02  5.4741E-02  6.9249E-02
 6.0050E-01  8.4070E+00  8.2884E-02  4.0514E-02  6.0031E-02  5.1626E-02  6.5475E-02
 6.0900E-01  8.5260E+00  7.8454E-02  3.8048E-02  5.6657E-02  4.8632E-02  6.1834E-02
 6.1750E-01  8.6450E+00  7.4161E-02  3.5686E-02  5.3406E-02  4.5757E-02  5.8324E-02
 6.2600E-01  8.7640E+00  7.0004E-02  3.3428E-02  5.0279E-02  4.3001E-02  5.4945E-02
 6.3450E-01  8.8830E+00  6.5987E-02  3.1271E-02  4.7272E-02  4.0361E-02  5.1696E-02
 6.4300E-01  9.0020E+00  6.2107E-02  2.9214E-02  4.4387E-02  3.7836E-02  4.8575E-02
 6.5150E-01  9.1210E+00  5.8366E-02  2.7255E-02  4.1620E-02  3.5423E-02  4.5583E-02
 6.6000E-01  9.2400E+00  5.4763E-02  2.5393E-02  3.8971E-02  3.3122E-02  4.2716E-02
 6.6850E-01  9.3590E+00  5.1297E-02  2.3624E-02  3.6438E-02  3.0929E-02  3.9973E-02
 6.7700E-01  9.4780E+00  4.7967E-02  2.1947E-02  3.4019E-02  2.8842E-02  3.7352E-02
 6.8550E-01  9.5970E+00  4.4772E-02  2.0358E-02  3.1711E-02  2.6858E-02  3.4851E-02
 6.9400E-01  9.7160E+00  4.1712E-02  1.8855E-02  2.9513E-02  2.4974E-02  3.2468E-02
 7.0250E-01  9.8350E+00  3.8784E-02  1.7435E-02  2.7421E-02  2.3189E-02  3.0199E-02
 7.1100E-01  9.9540E+00  3.5986E-02  1.6095E-02  2.5434E-02  2.1498E-02  2.8043E-02
 7.1950E-01  1.0073E+01  3.3318E-02  1.4832E-02  2.3549E-02  1.9900E-02  2.5998E-02
 7.2800E-01  1.0192E+01  3.0778E-02  1.3644E-02  2.1763E-02  1.8390E-02  2.4059E-02
 7.3650E-01  1.0311E+01  2.8363E-02  1.2526E-02  2.0074E-02  1.6967E-02  2.2224E-02
 7.4500E-01  1.0430E+01  2.6070E-02  1.1477E-02  1.8478E-02  1.5627E-02  2.0492E-02
 7.5350E-01  1.0549E+01  2.3899E-02  1.0494E-02  1.6974E-02  1.4367E-02  1.8857E-02
 7.6200E-01  1.0668E+01  2.1847E-02  9.5723E-03  1.5557E-02  1.3184E-02  1.7318E-02
 7.7050E-01  1.0787E+01  1.9910E-02  8.7105E-03  1.4226E-02  1.2075E-02  1.5872E-02
 7.7900E-01  1.0906E+01  1.8087E-02  7.9055E-03  1.2977E-02  1.1038E-02  1.4515E-02
 7.8750E-01  1.1025E+01  1.6375E-02  7.1547E-03  1.1808E-02  1.0068E-02  1.3245E-02
 7.9600E-01  1.1144E+01  1.4771E-02  6.4555E-03  1.0716E-02  9.1646E-03  1.2058E-02
 8.0450E-01  1.1263E+01  1.3273E-02  5.8053E-03  9.6978E-03  8.3235E-03  1.0951E-02
 8.1300E-01  1.1382E+01  1.1877E-02  5.2018E-03  8.7507E-03  7.5422E-03  9.9207E-03
 8.2150E-01  1.1501E+01  1.0580E-02  4.6428E-03  7.8718E-03  6.8179E-03  8.9645E-03
 8.3000E-01  1.1620E+01  9.3805E-03  4.1260E-03  7.0585E-03  6.1479E-03  8.0791E-03
 8.3850E-01  1.1739E+01  8.2745E-03  3.6496E-03  6.3079E-03  5.5295E-03  7.2612E-03
 8.4700E-01  1.1858E+01  7.2593E-03  3.2115E-03  5.6171E-03  4.9601E-03  6.5076E-03
 8.5550E-01  1.1977E+01  6.3307E-03  2.8097E-03  4.9831E-03  4.4370E-03  5.8149E-03
 8.6400E-01  1.2096E+01  5.4848E-03  2.4424E-03  4.4035E-03  3.9577E-03  5.1804E-03
 8.7250E-01  1.2215E+01  4.7173E-03  2.1078E-03  3.8755E-03  3.5200E-03  4.6008E-03
 8.8100E-01  1.2334E+01  4.0252E-03  1.8043E-03  3.3962E-03  3.1214E-03  4.0732E-03
 8.8950E-01  1.2453E+01  3.4064E-03  1.5308E-03  2.9631E-03  2.7594E-03  3.5944E-03
 8.9800E-01  1.2572E+01  2.8584E-03  1.2860E-03  2.5734E-03  2.4317E-03  3.1614E-03
 9.0650E-01  1.2691E+01  2.3773E-03  1.0685E-03  2.2241E-03  2.1361E-03  2.7711E-03
 9.1500E-01  1.2810E+01  1.9586E-03  8.7656E-04  1.9126E-03  1.8704E-03  2.4207E-03
 9.2350E-01  1.2929E+01  1.5957E-03  7.0831E-04  1.6361E-03  1.6324E-03  2.1072E-03
 9.3200E-01  1.3048E+01  1.2829E-03  5.6196E-04  1.3918E-03  1.4200E-03  1.8278E-03
 9.4050E-01  1.3167E+01  1.0155E-03  4.3601E-04  1.1771E-03  1.2312E-03  1.5799E-03
 9.4900E-01  1.3286E+01  7.8927E-04  3.2916E-04  9.8954E-04  1.0642E-03  1.3609E-03
 9.5750E-01  1.3405E+01  6.0060E-04  2.4021E-04  8.2678E-04  9.1694E-04  1.1682E-03
 9.6600E-01  1.3524E+01  4.4595E-04  1.6803E-04  6.8657E-04  7.8777E-04  9.9952E-04
 9.7450E-01  1.3643E+01  3.2176E-04  1.1151E-04  5.6695E-04  6.7497E-04  8.5254E-04
 9.8300E-01  1.3762E+01  2.2434E-04  6.9485E-05  4.6609E-04  5.7688E-04  7.2514E-04
 9.9150E-01  1.3881E+01  1.4995E-04  4.0761E-05  3.8201E-04  4.9196E-04  6.1520E-04
 1.0000E+00  1.4000E+01  9.4869E-05  2.3873E-05  3.1275E-04  4.1879E-04  5.2083E-04
