 1.5000E-01  2.1000E+00  3.5867E-01  2.7769E-01  3.2151E-01  3.1062E-01  3.3779E-01
 1.5850E-01  2.2190E+00  3.5752E-01  2.7259E-01  3.1819E-01  3.0647E-01  3.3498E-01
 1.6700E-01  2.3380E+00  3.5590E-01  2.6725E-01  3.1452E-01  3.0202E-01  3.3177E-01
 1.7550E-01  2.4570E+00  3.5384E-01  2.6174E-01  3.1056E-01  2.9732E-01  3.2823E-01
 1.8400E-01  2.5760E+00  3.5141E-01  2.5607E-01  3.0633E-01  2.9240E-01  3.2438E-01
 1.9250E-01  2.6950E+00  3.4861E-01  2.5032E-01  3.0188E-01  2.8731E-01  3.2027E-01
 2.0100E-01  2.8140E+00  3.4548E-01  2.4450E-01  2.9723E-01  2.8208E-01  3.1592E-01
 2.0950E-01  2.9330E+00  3.4204E-01  2.3866E-01  2.9242E-01  2.7674E-01  3.1136E-01
 2.1800E-01  3.0520E+00  3.3831E-01  2.3282E-01  2.8746E-01  2.7129E-01  3.0660E-01
 2.2650E-01  3.1710E+00  3.3431E-01  2.2699E-01  2.8238E-01  2.6577E-01  3.0166E-01
 2.3500E-01  3.2900E+00  3.3005E-01  2.2121E-01  2.7718E-01  2.6019E-01  2.9656E-01
 2.4350E-01  3.4090E+00  3.2558E-01  2.1552E-01  2.7193E-01  2.5460E-01  2.9136E-01
 2.5200E-01  3.5280E+00  3.2090E-01  2.0990E-01  2.6660E-01  2.4898E-01  2.8603E-01
 2.6050E-01  3.6470E+00  3.1602E-01  2.0435E-01  2.6121E-01  2.4335E-01  2.8059E-01
 2.6900E-01  3.7660E+00  3.1096E-01  1.9887E-01  2.5576E-01  2.3769E-01  2.7505E-01
 2.7750E-01  3.8850E+00  3.0572E-01  1.9346E-01  2.5026E-01  2.3203E-01  2.6942E-01
 2.8600E-01  4.0040E+00  3.0031E-01  1.8812E-01  2.4471E-01  2.2636E-01  2.6371E-01
 2.9450E-01  4.1230E+00  2.9476E-01  1.8286E-01  2.3912E-01  2.2069E-01  2.5792E-01
 3.0300E-01  4.2420E+00  2.8907E-01  1.7766E-01  2.3350E-01  2.1502E-01  2.5206E-01
 3.1150E-01  4.3610E+00  2.8325E-01  1.7253E-01  2.2785E-01  2.0936E-01  2.4615E-01
 3.2000E-01  4.4800E+00  2.7729E-01  1.6745E-01  2.2216E-01  2.0368E-01  2.4016E-01
 3.2850E-01  4.5990E+00  2.7121E-01  1.6243E-01  2.1644E-01  1.9800E-01  2.3411E-01
 3.3700E-01  4.7180E+00  2.6504E-01  1.5746E-01  2.1069E-01  1.9234E-01  2.2803E-01
 3.4550E-01  4.8370E+00  2.5877E-01  1.5255E-01  2.0494E-01  1.8669E-01  2.2191E-01
 3.5400E-01  4.9560E+00  2.5241E-01  1.4770E-01  1.9918E-01  1.8105E-01  2.1577E-01
 3.6250E-01  5.0750E+00  2.4599E-01  1.4289E-01  1.9341E-01  1.7544E-01  2.0960E-01
 3.7100E-01  5.1940E+00  2.3950E-01  1.3814E-01  1.8765E-01  1.6986E-01  2.0343E-01
 3.7950E-01  5.3130E+00  2.3297E-01  1.3345E-01  1.8189E-01  1.6430E-01  1.9725E-01
 3.8800E-01  5.4320E+00  2.2640E-01  1.2880E-01  1.7615E-01  1.5878E-01  1.9108E-01
 3.9650E-01  5.5510E+00  2.1980E-01  1.2421E-01  1.7044E-01  1.5331E-01  1.8493E-01
 4.0500E-01  5.6700E+00  2.1318E-01  1.1967E-01  1.6474E-01  1.4787E-01  1.7880E-01
 4.1350E-01  5.7890E+00  2.0656E-01  1.1518E-01  1.5909E-01  1.4249E-01  1.7270E-01
 4.2200E-01  5.9080E+00  1.9994E-01  1.1076E-01  1.5348E-01  1.3717E-01  1.6665E-01
 4.3050E-01  6.0270E+00  1.9334E-01  1.0639E-01  1.4791E-01  1.3192E-01  1.6064E-01
 4.3900E-01  6.1460E+00  1.8677E-01  1.0209E-01  1.4240E-01  1.2673E-01  1.5469E-01
 4.4750E-01  6.2650E+00  1.8023E-01  9.7849E-02  1.3695E-01  1.2161E-01  1.4881E-01
 4.5600E-01  6.3840E+00  1.7374E-01  9.3677E-02  1.3157E-01  1.1658E-01  1.4300E-01
 4.6450E-01  6.5030E+00  1.6730E-01  8.9576E-02  1.2627E-01  1.1163E-01  1.3727E-01
 4.7300E-01  6.6220E+00  1.6093E-01  8.5551E-02  1.2104E-01  1.0677E-01  1.3162E-01
 4.8150E-01  6.7410E+00  1.5463E-01  8.1603E-02  1.1590E-01  1.0200E-01  1.2608E-01
 4.9000E-01  6.8600E+00  1.4841E-01  7.7736E-02  1.1085E-01  9.7341E-02  1.2063E-01
 4.9850E-01  6.9790E+00  1.4228E-01  7.3954E-02  1.0591E-01  9.2782E-02  1.1529E-01
 5.0700E-01  7.0980E+00  1.3625E-01  7.0260E-02  1.0106E-01  8.8331E-02  1.1006E-01
 5.1550E-01  7.2170E+00  1.3033E-01  6.6657E-02  9.6321E-02  8.3993E-02  1.0495E-01
 5.2400E-01  7.3360E+00  1.2452E-01  6.3149E-02  9.1694E-02  7.9770E-02  9.9959E-02
 5.3250E-01  7.4550E+00  1.1882E-01  5.9737E-02  8.7183E-02  7.5666E-02  9.5096E-02
 5.4100E-01  7.5740E+00  1.1325E-01  5.6426E-02  8.2791E-02  7.1684E-02  9.0363E-02
 5.4950E-01  7.6930E+00  1.0781E-01  5.3216E-02  7.8522E-02  6.7826E-02  8.5762E-02
 5.5800E-01  7.8120E+00  1.0250E-01  5.0111E-02  7.4378E-02  6.4093E-02  8.1298E-02
 5.6650E-01  7.9310E+00  9.7325E-02  4.7112E-02  7.0363E-02  6.0487E-02  7.6972E-02
 5.7500E-01  8.0500E+00  9.2293E-02  4.4220E-02  6.6476E-02  5.7010E-02  7.2786E-02
 5.8350E-01  8.1690E+00  8.7405E-02  4.1438E-02  6.2721E-02  5.3661E-02  6.8741E-02
 5.9200E-01  8.2880E+00  8.2665E-02  3.8764E-02  5.9099E-02  5.0441E-02  6.4838E-02
 6.0050E-01  8.4070E+00  7.8071E-02  3.6199E-02  5.5607E-02  4.7349E-02  6.1077E-02
 6.0900E-01  8.5260E+00  7.3629E-02  3.3744E-02  5.2249E-02  4.4385E-02  5.7458E-02
 6.1750E-01  8.6450E+00  6.9338E-02  3.1399E-02  4.9024E-02  4.1549E-02  5.3982E-02
 6.2600E-01  8.7640E+00  6.5199E-02  2.9163E-02  4.5931E-02  3.8838E-02  5.0647E-02
 6.3450E-01  8.8830E+00  6.1214E-02  2.7035E-02  4.2969E-02  3.6253E-02  4.7452E-02
 6.4300E-01  9.0020E+00  5.7382E-02  2.5014E-02  4.0139E-02  3.3790E-02  4.4397E-02
 6.5150E-01  9.1210E+00  5.3703E-02  2.3100E-02  3.7437E-02  3.1449E-02  4.1479E-02
 6.6000E-01  9.2400E+00  5.0177E-02  2.1289E-02  3.4862E-02  2.9226E-02  3.8697E-02
 6.6850E-01  9.3590E+00  4.6802E-02  1.9580E-02  3.2413E-02  2.7118E-02  3.6048E-02
 6.7700E-01  9.4780E+00  4.3576E-02  1.7970E-02  3.0087E-02  2.5125E-02  3.3529E-02
 6.8550E-01  9.5970E+00  4.0499E-02  1.6458E-02  2.7881E-02  2.3241E-02  3.1139E-02
 6.9400E-01  9.7160E+00  3.7567E-02  1.5040E-02  2.5793E-02  2.1464E-02  2.8873E-02
 7.0250E-01  9.8350E+00  3.4780E-02  1.3713E-02  2.3819E-02  1.9791E-02  2.6729E-02
 7.1100E-01  9.9540E+00  3.2133E-02  1.2475E-02  2.1957E-02  1.8219E-02  2.4704E-02
 7.1950E-01  1.0073E+01  2.9626E-02  1.1322E-02  2.0203E-02  1.6744E-02  2.2793E-02
 7.2800E-01  1.0192E+01  2.7253E-02  1.0250E-02  1.8554E-02  1.5361E-02  2.0994E-02
 7.3650E-01  1.0311E+01  2.5014E-02  9.2574E-03  1.7006E-02  1.4069E-02  1.9303E-02
 7.4500E-01  1.0430E+01  2.2903E-02  8.3393E-03  1.5557E-02  1.2862E-02  1.7716E-02
 7.5350E-01  1.0549E+01  2.0918E-02  7.4925E-03  1.4202E-02  1.1738E-02  1.6229E-02
 7.6200E-01  1.0668E+01  1.9055E-02  6.7134E-03  1.2937E-02  1.0692E-02  1.4838E-02
 7.7050E-01  1.0787E+01  1.7310E-02  5.9984E-03  1.1759E-02  9.7211E-03  1.3540E-02
 7.7900E-01  1.0906E+01  1.5680E-02  5.3440E-03  1.0663E-02  8.8212E-03  1.2331E-02
 7.8750E-01  1.1025E+01  1.4159E-02  4.7465E-03  9.6471E-03  7.9888E-03  1.1206E-02
 7.9600E-01  1.1144E+01  1.2745E-02  4.2026E-03  8.7065E-03  7.2204E-03  1.0162E-02
 8.0450E-01  1.1263E+01  1.1434E-02  3.7086E-03  7.8377E-03  6.5123E-03  9.1943E-03
 8.1300E-01  1.1382E+01  1.0220E-02  3.2614E-03  7.0370E-03  5.8612E-03  8.3002E-03
 8.2150E-01  1.1501E+01  9.0990E-03  2.8576E-03  6.3007E-03  5.2637E-03  7.4754E-03
 8.3000E-01  1.1620E+01  8.0681E-03  2.4942E-03  5.6254E-03  4.7165E-03  6.7162E-03
 8.3850E-01  1.1739E+01  7.1232E-03  2.1682E-03  5.0075E-03  4.2164E-03  6.0190E-03
 8.4700E-01  1.1858E+01  6.2600E-03  1.8766E-03  4.4434E-03  3.7603E-03  5.3799E-03
 8.5550E-01  1.1977E+01  5.4736E-03  1.6167E-03  3.9298E-03  3.3452E-03  4.7956E-03
 8.6400E-01  1.2096E+01  4.7592E-03  1.3856E-03  3.4636E-03  2.9684E-03  4.2629E-03
 8.7250E-01  1.2215E+01  4.1121E-03  1.1808E-03  3.0418E-03  2.6273E-03  3.7784E-03
 8.8100E-01  1.2334E+01  3.5288E-03  1.0000E-03  2.6614E-03  2.3191E-03  3.3391E-03
 8.8950E-01  1.2453E+01  3.0070E-03  8.4149E-04  2.3193E-03  2.0415E-03  2.9418E-03
 8.9800E-01  1.2572E+01  2.5440E-03  7.0339E-04  2.0129E-03  1.7921E-03  2.5835E-03
 9.0650E-01  1.2691E+01  2.1362E-03  5.8387E-04  1.7393E-03  1.5686E-03  2.2614E-03
 9.1500E-01  1.2810E+01  1.7792E-03  4.8097E-04  1.4959E-03  1.3689E-03  1.9727E-03
 9.2350E-01  1.2929E+01  1.4672E-03  3.9249E-04  1.2801E-03  1.1910E-03  1.7149E-03
 9.3200E-01  1.3048E+01  1.1949E-03  3.1655E-04  1.0895E-03  1.0330E-03  1.4855E-03
 9.4050E-01  1.3167E+01  9.5853E-04  2.5167E-04  9.2181E-04  8.9316E-04  1.2820E-03
 9.4900E-01  1.3286E+01  7.5513E-04  1.9665E-04  7.7495E-04  7.6983E-04  1.1023E-03
 9.5750E-01  1.3405E+01  5.8214E-04  1.5048E-04  6.4711E-04  6.6146E-04  9.4424E-04
 9.6600E-01  1.3524E+01  4.3734E-04  1.1230E-04  5.3657E-04  5.6660E-04  8.0591E-04
 9.7450E-01  1.3643E+01  3.1858E-04  8.1318E-05  4.4192E-04  4.8392E-04  6.8541E-04
 9.8300E-01  1.3762E+01  2.2358E-04  5.6766E-05  3.6185E-04  4.1214E-04  5.8098E-04
 9.9150E-01  1.3881E+01  1.4988E-04  3.7875E-05  2.9496E-04  3.5008E-04  4.9092E-04
 1.0000E+00  1.4000E+01  9.4869E-05  2.3873E-05  2.3984E-04  2.9668E-04  4.1368E-04
