E0    Ep     Theta     x      Q2     w2     sigma     sigma_err
   0.2200   0.1496   180.00    0.997    0.132    0.881      9.720e+02      9.000e+00
   0.2200   0.1479   180.00    0.962    0.130    0.886      9.720e+02      8.000e+00
   0.2200   0.1463   180.00    0.931    0.129    0.890      9.420e+02      7.000e+00
   0.2200   0.1446   180.00    0.899    0.127    0.895      8.950e+02      7.000e+00
   0.2200   0.1429   180.00    0.869    0.126    0.899      8.480e+02      5.000e+00
   0.2200   0.1413   180.00    0.842    0.124    0.904      7.670e+02      5.000e+00
   0.2200   0.1396   180.00    0.814    0.123    0.908      6.680e+02      4.000e+00
   0.2200   0.1380   180.00    0.789    0.121    0.913      5.720e+02      5.000e+00
   0.2200   0.1363   180.00    0.764    0.120    0.917      5.020e+02      5.000e+00
   0.2200   0.1346   180.00    0.739    0.118    0.922      4.210e+02      6.000e+00
   0.2200   0.1330   180.00    0.717    0.117    0.927      3.670e+02      6.000e+00
   0.2200   0.1313   180.00    0.694    0.116    0.931      3.010e+02      6.000e+00
   0.2200   0.1296   180.00    0.672    0.114    0.936      2.620e+02      7.000e+00
   0.2200   0.1280   180.00    0.652    0.113    0.940      2.210e+02      7.000e+00
   0.2200   0.1257   180.00    0.625    0.111    0.947      2.070e+02      4.000e+00
   0.2200   0.1229   180.00    0.594    0.108    0.954      1.820e+02      3.000e+00
   0.2200   0.1194   180.00    0.557    0.105    0.964      1.330e+02      6.000e+00
   0.2200   0.1159   180.00    0.522    0.102    0.974      1.210e+02      3.000e+00
   0.2200   0.1124   180.00    0.490    0.099    0.983      8.400e+01      7.000e+00
   0.2200   0.1089   180.00    0.460    0.096    0.993      9.700e+01      5.000e+00
   0.2200   0.1053   180.00    0.431    0.093    1.003      8.300e+01      3.000e+00
   0.2200   0.1018   180.00    0.404    0.090    1.013      5.300e+01      8.000e+00
   0.2200   0.0983   180.00    0.379    0.087    1.022      5.500e+01      3.000e+00
   0.2200   0.0947   180.00    0.354    0.083    1.032      4.300e+01      9.000e+00
   0.2200   0.0912   180.00    0.332    0.080    1.042      4.600e+01      4.000e+00
   0.2200   0.0876   180.00    0.310    0.077    1.052      4.900e+01      5.000e+00
   0.2200   0.0840   180.00    0.290    0.074    1.062      3.700e+01      4.000e+00
   0.2200   0.0805   180.00    0.271    0.071    1.071      3.400e+01      7.000e+00
   0.2200   0.0769   180.00    0.252    0.068    1.081      3.900e+01      3.000e+00
   0.2200   0.0733   180.00    0.234    0.065    1.091      3.800e+01      8.000e+00
   0.2200   0.0697   180.00    0.217    0.061    1.101      4.700e+01      2.000e+00
   0.2200   0.0661   180.00    0.201    0.058    1.111      4.800e+01      7.000e+00
   0.2200   0.0625   180.00    0.186    0.055    1.121      5.600e+01      3.000e+00
   0.2690   0.1705   180.00    0.993    0.183    0.882      6.210e+02      5.000e+00
   0.2690   0.1689   180.00    0.967    0.182    0.886      6.420e+02      4.000e+00
   0.2690   0.1673   180.00    0.943    0.180    0.891      6.200e+02      4.000e+00
   0.2690   0.1657   180.00    0.920    0.178    0.896      5.900e+02      4.000e+00
   0.2690   0.1641   180.00    0.897    0.177    0.901      5.550e+02      4.000e+00
   0.2690   0.1625   180.00    0.875    0.175    0.905      4.940e+02      4.000e+00
   0.2690   0.1609   180.00    0.853    0.173    0.910      4.540e+02      4.000e+00
   0.2690   0.1593   180.00    0.833    0.171    0.915      3.970e+02      4.000e+00
   0.2690   0.1577   180.00    0.812    0.170    0.920      3.420e+02      4.000e+00
   0.2690   0.1561   180.00    0.793    0.168    0.924      2.920e+02      4.000e+00
   0.2690   0.1545   180.00    0.774    0.166    0.929      2.630e+02      4.000e+00
   0.2690   0.1529   180.00    0.755    0.165    0.934      2.320e+02      4.000e+00
   0.2690   0.1513   180.00    0.737    0.163    0.938      2.070e+02      4.000e+00
   0.2690   0.1497   180.00    0.720    0.161    0.943      1.790e+02      5.000e+00
   0.2690   0.1480   180.00    0.701    0.159    0.948      1.840e+02      4.000e+00
   0.2690   0.1464   180.00    0.685    0.158    0.953      1.590e+02      3.000e+00
   0.2690   0.1448   180.00    0.668    0.156    0.958      1.420e+02      3.000e+00
   0.2690   0.1432   180.00    0.653    0.154    0.962      1.350e+02      3.000e+00
   0.2690   0.1416   180.00    0.637    0.152    0.967      1.240e+02      3.000e+00
   0.2690   0.1399   180.00    0.621    0.151    0.972      9.000e+01      5.000e+00
   0.2690   0.1383   180.00    0.607    0.149    0.977      1.020e+02      4.000e+00
   0.2690   0.1368   180.00    0.593    0.147    0.981      9.200e+01      2.000e+00
   0.2690   0.1338   180.00    0.567    0.144    0.990      8.400e+01      2.000e+00
   0.2690   0.1300   180.00    0.536    0.140    1.001      6.800e+01      3.000e+00
   0.2690   0.1262   180.00    0.507    0.136    1.013      6.300e+01      2.000e+00
   0.2690   0.1224   180.00    0.479    0.132    1.024      5.300e+01      4.000e+00
   0.2690   0.1186   180.00    0.452    0.128    1.035      4.300e+01      2.000e+00
   0.2690   0.1148   180.00    0.427    0.124    1.046      3.700e+01      2.000e+00
   0.2690   0.1109   180.00    0.402    0.119    1.058      3.700e+01      2.000e+00
   0.2690   0.1071   180.00    0.379    0.115    1.069      2.900e+01      8.000e+00
   0.2690   0.1033   180.00    0.357    0.111    1.080      3.100e+01      2.000e+00
   0.2690   0.0994   180.00    0.336    0.107    1.092      3.600e+01      5.000e+00
   0.2690   0.0956   180.00    0.316    0.103    1.103      4.300e+01      4.000e+00
   0.2690   0.0917   180.00    0.297    0.099    1.114      3.800e+01      4.000e+00
   0.2690   0.0878   180.00    0.278    0.094    1.126      5.200e+01      5.000e+00
   0.2690   0.0839   180.00    0.260    0.090    1.137      4.900e+01      4.000e+00
   0.2690   0.0800   180.00    0.243    0.086    1.149      4.800e+01      6.000e+00
   0.2690   0.0761   180.00    0.226    0.082    1.160      6.000e+01      2.000e+00
   0.2690   0.0722   180.00    0.210    0.078    1.172      6.800e+01      5.000e+00
   0.2690   0.0683   180.00    0.195    0.073    1.183      7.900e+01      3.000e+00
   0.2690   0.0643   180.00    0.180    0.069    1.195      9.100e+01      2.000e+00
   0.2690   0.0604   180.00    0.166    0.065    1.207      1.020e+02      3.000e+00
   0.2690   0.0564   180.00    0.152    0.061    1.219      1.110e+02      5.000e+00
   0.3200   0.1878   180.00    0.969    0.240    0.888      3.780e+02      7.000e+00
   0.3200   0.1847   180.00    0.931    0.236    0.898      3.450e+02      4.000e+00
   0.3200   0.1816   180.00    0.895    0.232    0.908      2.980e+02      4.000e+00
   0.3200   0.1785   180.00    0.860    0.228    0.917      2.670e+02      3.000e+00
   0.3200   0.1754   180.00    0.827    0.225    0.927      2.100e+02      3.000e+00
   0.3200   0.1723   180.00    0.796    0.221    0.937      1.730e+02      3.000e+00
   0.3200   0.1692   180.00    0.765    0.217    0.947      1.430e+02      4.000e+00
   0.3200   0.1660   180.00    0.735    0.212    0.957      1.250e+02      4.000e+00
   0.3200   0.1629   180.00    0.707    0.209    0.967      8.900e+01      3.000e+00
   0.3200   0.1598   180.00    0.680    0.205    0.976      7.300e+01      3.000e+00
   0.3200   0.1566   180.00    0.654    0.200    0.987      6.900e+01      3.000e+00
   0.3200   0.1535   180.00    0.629    0.196    0.996      5.600e+01      3.000e+00
   0.3200   0.1503   180.00    0.604    0.192    1.006      4.600e+01      3.000e+00
   0.3200   0.1471   180.00    0.580    0.188    1.017      5.400e+01      4.000e+00
   0.3200   0.1418   180.00    0.543    0.182    1.033      4.500e+01      3.000e+00
   0.3200   0.1378   180.00    0.516    0.176    1.046      2.900e+01      3.000e+00
   0.3200   0.1338   180.00    0.490    0.171    1.059      2.100e+01      3.000e+00
   0.3200   0.1298   180.00    0.465    0.166    1.071      4.200e+01      3.000e+00
   0.3200   0.1257   180.00    0.441    0.161    1.084      3.700e+01      4.000e+00
   0.3200   0.1217   180.00    0.419    0.156    1.097      6.500e+01      4.000e+00
   0.3200   0.1177   180.00    0.397    0.151    1.109      5.500e+01      4.000e+00
   0.3200   0.1136   180.00    0.375    0.145    1.122      6.900e+01      4.000e+00
   0.3200   0.1095   180.00    0.355    0.140    1.135      7.100e+01      4.000e+00
   0.3200   0.1054   180.00    0.335    0.135    1.148      7.400e+01      4.000e+00
   0.3200   0.1014   180.00    0.316    0.130    1.161      8.500e+01      7.000e+00
   0.3200   0.0973   180.00    0.298    0.125    1.174      7.200e+01      7.000e+00
   0.3200   0.0932   180.00    0.280    0.119    1.187      9.500e+01      1.100e+01
   0.3200   0.0890   180.00    0.263    0.114    1.200      1.270e+02      9.000e+00
   0.3200   0.0849   180.00    0.246    0.109    1.213      1.200e+02      7.000e+00
   0.3200   0.0808   180.00    0.230    0.103    1.226      1.420e+02      8.000e+00
   0.3200   0.0766   180.00    0.215    0.098    1.239      1.530e+02      9.000e+00
   0.3200   0.0725   180.00    0.200    0.093    1.252      1.670e+02      1.200e+01
   0.3200   0.0683   180.00    0.185    0.087    1.265      2.320e+02      9.000e+00
   0.8430   0.3010   180.00    0.998    1.015    0.882      1.090e+01      6.660e-01
   0.8430   0.2980   180.00    0.983    1.005    0.898      9.980e+00      5.840e-01
   0.8430   0.2940   180.00    0.962    0.991    0.919      1.060e+01      8.310e-01
   0.8430   0.2910   180.00    0.947    0.981    0.935      9.800e+00      6.700e-01
   0.8430   0.2890   180.00    0.937    0.975    0.945      8.710e+00      6.140e-01
   0.8430   0.2860   180.00    0.923    0.964    0.961      7.610e+00      5.480e-01
   0.8430   0.2830   180.00    0.908    0.954    0.977      6.570e+00      5.040e-01
   0.8430   0.2800   180.00    0.894    0.944    0.993      5.610e+00      4.310e-01
   0.8430   0.2770   180.00    0.879    0.934    1.008      5.660e+00      4.360e-01
   0.8430   0.2740   180.00    0.865    0.924    1.024      4.890e+00      3.500e-01
   0.8430   0.2710   180.00    0.851    0.914    1.040      4.270e+00      3.190e-01
   0.8430   0.2690   180.00    0.842    0.907    1.050      4.090e+00      4.000e-01
   0.8430   0.2660   180.00    0.828    0.897    1.066      3.430e+00      3.580e-01
   0.8430   0.2630   180.00    0.815    0.887    1.082      3.280e+00      3.270e-01
   0.8430   0.2600   180.00    0.801    0.877    1.098      3.440e+00      3.570e-01
   0.8430   0.2580   180.00    0.792    0.870    1.108      3.410e+00      3.370e-01
   0.8430   0.2550   180.00    0.779    0.860    1.124      3.210e+00      3.240e-01
   0.8430   0.2530   180.00    0.771    0.853    1.134      3.080e+00      3.120e-01
   0.8430   0.2500   180.00    0.758    0.843    1.150      3.180e+00      3.400e-01
   0.8430   0.2480   180.00    0.749    0.836    1.161      3.020e+00      3.090e-01
   0.8430   0.2450   180.00    0.736    0.826    1.176      3.320e+00      3.410e-01
   0.8430   0.2420   180.00    0.724    0.816    1.192      3.080e+00      3.030e-01
   0.8430   0.2400   180.00    0.715    0.809    1.203      3.380e+00      3.370e-01
   0.8430   0.2380   180.00    0.707    0.803    1.213      3.570e+00      3.570e-01
   0.8430   0.2350   180.00    0.695    0.792    1.229      3.710e+00      3.910e-01
   0.8430   0.2330   180.00    0.686    0.786    1.239      3.840e+00      3.860e-01
   0.8430   0.2300   180.00    0.674    0.776    1.255      4.510e+00      4.590e-01
   0.8430   0.2280   180.00    0.666    0.769    1.266      5.000e+00      4.850e-01
   0.8430   0.2260   180.00    0.658    0.762    1.276      5.160e+00      5.110e-01
   0.8430   0.2230   180.00    0.646    0.752    1.292      6.110e+00      6.010e-01
   1.0200   0.3200   180.00    0.994    1.306    0.888      4.510e+00      2.820e-01
   1.0200   0.3160   180.00    0.976    1.289    0.912      4.590e+00      2.850e-01
   1.0200   0.3130   180.00    0.963    1.277    0.930      4.080e+00      2.700e-01
   1.0200   0.3100   180.00    0.949    1.265    0.948      3.510e+00      2.220e-01
   1.0200   0.3070   180.00    0.936    1.253    0.966      3.540e+00      3.440e-01
   1.0200   0.3040   180.00    0.923    1.240    0.984      3.150e+00      2.910e-01
   1.0200   0.3010   180.00    0.910    1.228    1.002      2.740e+00      2.600e-01
   1.0200   0.2980   180.00    0.897    1.216    1.019      2.580e+00      2.460e-01
   1.0200   0.2950   180.00    0.885    1.204    1.037      2.380e+00      2.440e-01
   1.0200   0.2920   180.00    0.872    1.191    1.055      2.030e+00      2.010e-01
   1.0200   0.2880   180.00    0.855    1.175    1.079      1.920e+00      2.480e-01
   1.0200   0.2850   180.00    0.843    1.163    1.097      1.970e+00      2.390e-01
   1.0200   0.2830   180.00    0.835    1.155    1.109      1.990e+00      2.440e-01
   1.0200   0.2800   180.00    0.823    1.142    1.127      1.480e+00      1.920e-01
   1.0200   0.2770   180.00    0.811    1.130    1.144      1.420e+00      1.950e-01
   1.0200   0.2740   180.00    0.799    1.118    1.162      1.710e+00      2.230e-01
   1.0200   0.2710   180.00    0.787    1.106    1.180      1.970e+00      2.120e-01
   1.0200   0.2680   180.00    0.775    1.093    1.198      1.820e+00      1.880e-01
   1.0200   0.2660   180.00    0.767    1.085    1.210      1.900e+00      1.980e-01
   1.0200   0.2630   180.00    0.755    1.073    1.228      1.990e+00      2.080e-01
   1.0200   0.2600   180.00    0.744    1.061    1.246      2.080e+00      2.290e-01
   1.0200   0.2580   180.00    0.736    1.053    1.258      2.390e+00      2.510e-01
   1.0200   0.2550   180.00    0.725    1.040    1.276      2.710e+00      3.080e-01
   1.0200   0.2520   180.00    0.713    1.028    1.293      2.920e+00      3.150e-01
   1.0200   0.2500   180.00    0.706    1.020    1.305      3.570e+00      3.830e-01
   1.1890   0.3360   180.00    0.998    1.598    0.883      2.120e+00      2.100e-01
   1.1890   0.3320   180.00    0.982    1.579    0.910      2.030e+00      1.900e-01
   1.1890   0.3290   180.00    0.970    1.565    0.929      1.950e+00      1.870e-01
   1.1890   0.3260   180.00    0.957    1.550    0.949      1.740e+00      1.670e-01
   1.1890   0.3220   180.00    0.941    1.531    0.976      1.570e+00      1.620e-01
   1.1890   0.3190   180.00    0.929    1.517    0.996      1.550e+00      1.520e-01
   1.1890   0.3160   180.00    0.917    1.503    1.016      1.260e+00      1.280e-01
   1.1890   0.3120   180.00    0.902    1.484    1.042      1.200e+00      1.160e-01
   1.1890   0.3090   180.00    0.890    1.470    1.062      1.070e+00      1.060e-01
   1.1890   0.3060   180.00    0.878    1.455    1.082      9.800e-01      1.160e-01
   1.1890   0.3030   180.00    0.867    1.441    1.102      1.010e+00      1.240e-01
   1.1890   0.3000   180.00    0.855    1.427    1.122      1.010e+00      1.210e-01
   1.1890   0.2970   180.00    0.844    1.413    1.142      9.510e-01      1.170e-01
   1.1890   0.2940   180.00    0.833    1.398    1.162      8.680e-01      1.030e-01
   1.1890   0.2910   180.00    0.821    1.384    1.181      1.020e+00      1.230e-01
   1.1890   0.2880   180.00    0.810    1.370    1.201      9.480e-01      1.140e-01
   1.1890   0.2850   180.00    0.799    1.355    1.221      1.050e+00      1.310e-01
   1.1890   0.2830   180.00    0.792    1.346    1.235      1.210e+00      1.460e-01
   1.2810   0.3420   180.00    0.995    1.752    0.890      1.550e+00      6.460e-02
   1.2810   0.3390   180.00    0.983    1.737    0.911      1.490e+00      5.820e-02
   1.2810   0.3350   180.00    0.967    1.717    0.939      1.450e+00      6.250e-02
   1.2810   0.3320   180.00    0.955    1.701    0.960      1.260e+00      5.330e-02
   1.2810   0.3280   180.00    0.940    1.681    0.988      1.150e+00      5.420e-02
   1.2810   0.3250   180.00    0.928    1.665    1.009      1.040e+00      4.940e-02
   1.2810   0.3210   180.00    0.913    1.645    1.037      9.420e-01      5.590e-02
   1.5110   0.5750    89.97    0.989    1.737    0.900      3.000e+00      5.200e-02
   1.5110   0.5690    89.97    0.972    1.719    0.929      3.000e+00      3.400e-02
   1.5110   0.5630    89.97    0.956    1.700    0.959      2.600e+00      3.000e-02
   1.5110   0.5570    89.97    0.940    1.682    0.988      2.200e+00      2.600e-02
   1.5110   0.5510    89.97    0.924    1.664    1.018      1.920e+00      2.400e-02
   1.5110   0.5450    89.97    0.908    1.646    1.047      1.640e+00      2.400e-02
   1.5110   0.5390    89.97    0.893    1.628    1.076      1.440e+00      2.400e-02
   1.5110   0.5330    89.97    0.877    1.610    1.106      1.280e+00      2.200e-02
   1.5110   0.5260    89.97    0.860    1.589    1.140      1.200e+00      2.000e-02
   1.5110   0.5200    89.97    0.845    1.571    1.169      1.160e+00      2.200e-02
   1.5110   0.5140    89.97    0.830    1.552    1.199      1.240e+00      2.600e-02
   1.5110   0.5750    90.07    0.991    1.740    0.897      3.000e+00      7.000e-02
   1.5110   0.5690    90.07    0.974    1.722    0.926      2.800e+00      6.000e-02
   1.5110   0.5630    90.07    0.958    1.703    0.956      2.800e+00      6.200e-02
   1.5110   0.5570    90.07    0.941    1.685    0.985      1.980e+00      1.000e-01
   1.5110   0.5510    90.07    0.925    1.667    1.015      1.920e+00      1.140e-01
   1.5110   0.5450    90.07    0.910    1.649    1.044      1.560e+00      7.600e-02
   1.5110   0.5390    90.07    0.894    1.631    1.074      1.520e+00      7.000e-02
   1.5110   0.5330    90.07    0.879    1.613    1.103      1.300e+00      6.200e-02
   1.5110   0.5260    90.07    0.861    1.592    1.137      1.220e+00      6.200e-02
   1.5110   0.5200    90.07    0.846    1.573    1.167      1.260e+00      6.800e-02
   1.5110   0.5140    90.07    0.831    1.555    1.196      1.160e+00      1.160e-01
   1.9680   1.0310    55.21    0.991    1.743    0.896      7.200e+00      1.660e-01
   1.9680   1.0230    55.21    0.975    1.729    0.925      7.000e+00      1.400e-01
   1.9680   1.0140    55.21    0.957    1.714    0.957      6.200e+00      1.600e-01
   1.9680   1.0060    55.21    0.942    1.700    0.985      4.600e+00      3.000e-01
   1.9680   0.9980    55.21    0.927    1.687    1.014      4.600e+00      1.260e-01
   1.9680   0.9890    55.21    0.910    1.672    1.046      3.800e+00      8.600e-02
   1.9680   0.9810    55.21    0.895    1.658    1.074      3.200e+00      7.200e-02
   1.9680   0.9720    55.21    0.879    1.643    1.106      2.800e+00      6.400e-02
   1.9680   0.9640    55.21    0.865    1.629    1.135      2.600e+00      6.200e-02
   1.9680   0.9560    55.21    0.851    1.616    1.164      2.600e+00      6.400e-02
   1.9680   0.9470    55.21    0.835    1.601    1.196      2.800e+00      6.800e-02
   1.9680   0.9390    55.21    0.822    1.587    1.224      2.800e+00      8.200e-02
   1.9680   0.9300    55.21    0.807    1.572    1.256      3.200e+00      1.920e-01
   1.9680   0.6290    89.95    0.984    2.474    0.919      6.600e-01      3.200e-02
   1.9680   0.6220    89.95    0.968    2.446    0.960      6.800e-01      3.600e-02
   1.9680   0.6150    89.95    0.953    2.419    1.001      4.000e-01      5.000e-02
   1.9680   0.6290    89.97    0.985    2.474    0.919      6.800e-01      9.600e-03
   1.9680   0.6220    89.97    0.969    2.447    0.959      6.200e-01      9.000e-03
   1.9680   0.6150    89.97    0.953    2.419    1.000      5.400e-01      8.800e-03
   1.9680   0.6080    89.97    0.937    2.392    1.041      4.800e-01      8.400e-03
   1.9680   0.6010    89.97    0.922    2.364    1.081      4.200e-01      8.200e-03
   1.9680   0.5940    89.97    0.906    2.337    1.122      4.000e-01      8.400e-03
   1.9680   0.5880    89.97    0.893    2.313    1.157      3.600e-01      8.000e-03
   1.9680   0.5810    89.97    0.878    2.286    1.198      3.800e-01      8.200e-03
   1.9680   0.5740    89.97    0.863    2.258    1.238      4.200e-01      9.800e-03
   2.0150   1.3584    38.84    0.982    1.210    0.902      5.337e+01      2.837e-01
   2.0150   1.3476    38.84    0.959    1.201    0.932      5.054e+01      2.716e-01
   2.0150   1.3367    38.84    0.936    1.191    0.962      4.298e+01      2.388e-01
   2.0150   1.3259    38.84    0.914    1.181    0.992      3.532e+01      2.035e-01
   2.0150   1.3150    38.84    0.892    1.172    1.022      2.958e+01      1.826e-01
   2.0150   1.3042    38.84    0.871    1.162    1.052      2.337e+01      1.630e-01
   2.0150   1.2933    38.84    0.851    1.152    1.082      2.090e+01      1.625e-01
   2.4070   1.4700    41.11    0.992    1.745    0.894      1.280e+01      2.200e-01
   2.4070   1.4600    41.11    0.975    1.733    0.925      1.220e+01      1.380e-01
   2.4070   1.4500    41.11    0.958    1.721    0.955      1.100e+01      1.260e-01
   2.4070   1.4400    41.11    0.942    1.709    0.986      9.200e+00      1.140e-01
   2.4070   1.4300    41.11    0.926    1.697    1.016      7.800e+00      1.100e-01
   2.4070   1.4210    41.11    0.912    1.687    1.044      6.400e+00      1.560e-01
   2.4070   1.4110    41.11    0.896    1.675    1.075      5.800e+00      2.600e-01
   2.4070   1.4010    41.11    0.881    1.663    1.105      5.200e+00      1.400e-01
   2.4070   1.3910    41.11    0.866    1.651    1.136      4.800e+00      1.120e-01
   2.4070   1.3810    41.11    0.851    1.639    1.167      4.400e+00      1.040e-01
   2.4070   1.3720    41.11    0.838    1.628    1.194      4.400e+00      1.020e-01
   2.4070   1.3620    41.11    0.824    1.617    1.225      4.800e+00      1.060e-01
   2.4070   1.3520    41.11    0.811    1.605    1.255      5.400e+00      1.180e-01
   2.4070   1.3420    41.11    0.797    1.593    1.286      6.000e+00      1.300e-01
   2.4070   1.3330    41.11    0.785    1.582    1.314      6.800e+00      1.460e-01
   2.4070   1.3230    41.11    0.772    1.570    1.344      8.000e+00      1.720e-01
   2.4070   1.3130    41.11    0.759    1.558    1.375      9.400e+00      2.600e-01
   2.4070   1.3030    41.11    0.747    1.547    1.406      1.020e+01      7.600e-01
   2.4070   1.0650    58.88    0.984    2.477    0.922      1.380e+00      2.200e-02
   2.4070   1.0560    58.88    0.969    2.456    0.959      1.260e+00      2.000e-02
   2.4070   1.0460    58.88    0.953    2.433    1.001      1.140e+00      2.000e-02
   2.4070   1.0370    58.88    0.938    2.412    1.039      9.600e-01      3.000e-02
   2.4070   1.0270    58.88    0.922    2.389    1.081      9.200e-01      5.600e-02
   2.4070   1.0180    58.88    0.908    2.368    1.119      7.800e-01      3.000e-02
   2.4070   1.0080    58.88    0.893    2.345    1.161      7.200e-01      2.600e-02
   2.4070   0.9990    58.88    0.879    2.324    1.199      7.800e-01      2.600e-02
   2.4070   0.9890    58.88    0.865    2.300    1.241      8.000e-01      2.600e-02
   2.4070   0.9800    58.88    0.851    2.279    1.279      8.800e-01      2.800e-02
   2.4070   0.9700    58.88    0.837    2.256    1.321      1.040e+00      3.400e-02
   2.4070   0.9610    58.88    0.824    2.235    1.359      1.220e+00      4.400e-02
   2.4070   0.9510    58.88    0.810    2.212    1.401      1.560e+00      1.300e-01
   2.4070   0.6680    89.97    0.985    3.214    0.930      2.000e-01      3.200e-03
   2.4070   0.6610    89.97    0.971    3.180    0.976      1.920e-01      3.000e-03
   2.4070   0.6530    89.97    0.955    3.142    1.030      1.760e-01      2.800e-03
   2.4070   0.6460    89.97    0.941    3.108    1.077      1.540e-01      2.800e-03
   2.4070   0.6390    89.97    0.927    3.075    1.124      1.440e-01      2.800e-03
   2.4070   0.6310    89.97    0.911    3.036    1.177      1.480e-01      3.400e-03
   2.4070   0.6240    89.97    0.897    3.002    1.224      1.540e-01      3.600e-03
   2.4070   0.6160    89.97    0.882    2.964    1.277      1.700e-01      3.800e-03
   2.4070   0.6090    89.97    0.868    2.930    1.324      1.900e-01      4.200e-03
   2.4070   0.6010    89.97    0.853    2.892    1.378      2.200e-01      5.200e-03
   2.8370   1.4940    44.99    0.985    2.482    0.919      2.400e+00      3.600e-02
   2.8370   1.4820    44.99    0.968    2.462    0.961      2.200e+00      3.400e-02
   2.8370   1.4710    44.99    0.953    2.444    1.000      1.860e+00      3.200e-02
   2.8370   1.4600    44.99    0.939    2.425    1.039      1.640e+00      3.400e-02
   2.8370   1.4480    44.99    0.923    2.405    1.081      1.420e+00      5.400e-02
   2.8370   1.4370    44.99    0.909    2.387    1.120      1.400e+00      8.400e-02
   2.8370   1.4260    44.99    0.895    2.369    1.159      1.240e+00      5.000e-02
   2.8370   1.4140    44.99    0.880    2.349    1.202      1.280e+00      4.600e-02
   2.8370   1.4030    44.99    0.866    2.331    1.241      1.340e+00      4.600e-02
   2.8370   1.3920    44.99    0.853    2.312    1.280      1.480e+00      4.800e-02
   2.8370   1.3800    44.99    0.838    2.292    1.322      1.700e+00      5.400e-02
   2.8370   1.3690    44.99    0.826    2.274    1.361      1.880e+00      5.800e-02
   2.8370   1.3580    44.99    0.813    2.256    1.400      2.400e+00      6.800e-02
   2.8370   1.3470    44.99    0.800    2.238    1.439      2.600e+00      8.200e-02
   2.8370   1.3350    44.99    0.787    2.218    1.481      2.800e+00      1.500e-01
   2.8370   1.0960    61.21    0.987    3.224    0.924      3.800e-01      9.000e-03
   2.8370   1.0850    61.21    0.971    3.191    0.977      3.800e-01      8.800e-03
   2.8370   1.0750    61.21    0.956    3.162    1.025      3.400e-01      9.000e-03
   2.8370   1.0650    61.21    0.942    3.133    1.073      3.200e-01      1.560e-02
   2.8370   1.0540    61.21    0.927    3.100    1.126      2.800e-01      2.000e-02
   2.8370   1.0440    61.21    0.913    3.071    1.174      2.600e-01      1.180e-02
   2.8370   1.0340    61.21    0.899    3.041    1.222      3.000e-01      1.200e-02
   2.8370   1.0230    61.21    0.884    3.009    1.275      3.000e-01      1.240e-02
   2.8370   1.0130    61.21    0.871    2.980    1.324      3.600e-01      1.300e-02
   2.8370   1.0020    61.21    0.856    2.947    1.377      4.200e-01      1.500e-02
   2.8370   0.9920    61.21    0.843    2.918    1.425      4.800e-01      1.760e-02
   2.8370   0.9820    61.21    0.830    2.888    1.473      5.600e-01      3.200e-02
   2.8370   0.6990    89.97    0.988    3.964    0.928      7.600e-02      1.880e-03
   2.8370   0.6930    89.97    0.977    3.930    0.974      7.400e-02      1.820e-03
   2.8370   0.6860    89.97    0.964    3.890    1.026      7.200e-02      1.820e-03
   2.8370   0.6800    89.97    0.953    3.856    1.072      6.600e-02      1.780e-03
   2.8370   0.6730    89.97    0.940    3.817    1.125      6.200e-02      1.800e-03
   2.8370   0.6660    89.97    0.927    3.777    1.177      6.200e-02      1.900e-03
   2.8370   0.6600    89.97    0.916    3.743    1.223      6.800e-02      2.200e-03
   2.8370   0.6530    89.97    0.904    3.703    1.276      7.000e-02      2.200e-03
   2.8370   0.6460    89.97    0.891    3.663    1.328      8.200e-02      2.400e-03
   2.8370   0.6400    89.97    0.880    3.629    1.374      9.400e-02      2.600e-03
   2.8370   0.6330    89.97    0.868    3.590    1.426      1.040e-01      3.000e-03
   2.8370   0.6270    89.97    0.857    3.556    1.472      1.120e-01      3.400e-03
   3.1880   1.5075    47.68    0.996    3.140    0.893      6.454e-01      2.461e-02
   3.1880   1.4957    47.68    0.981    3.116    0.940      7.099e-01      2.519e-02
   3.1880   1.4840    47.68    0.967    3.092    0.986      6.457e-01      2.372e-02
   3.1880   1.4722    47.68    0.953    3.067    1.033      5.923e-01      2.247e-02
   3.1880   1.4605    47.68    0.939    3.043    1.080      6.051e-01      2.262e-02
   3.1880   1.4487    47.68    0.925    3.018    1.126      6.004e-01      2.210e-02
   3.1880   1.4370    47.68    0.911    2.994    1.173      5.593e-01      2.146e-02
   3.1880   1.4252    47.68    0.898    2.969    1.219      5.717e-01      2.195e-02
   3.1880   1.4135    47.68    0.884    2.945    1.266      6.174e-01      2.352e-02
   3.1880   1.4017    47.68    0.871    2.920    1.312      6.770e-01      2.591e-02
   4.0450   3.5200    15.00    0.985    0.970    0.895      9.708e+02      7.669e+00
   4.0450   3.5050    15.00    0.953    0.966    0.927      8.238e+02      6.343e+00
   4.0450   3.4900    15.00    0.924    0.962    0.960      6.235e+02      4.926e+00
   4.0450   3.4750    15.00    0.896    0.958    0.992      4.468e+02      3.753e+00
   4.0450   3.4600    15.00    0.869    0.954    1.024      3.092e+02      2.906e+00
   4.0450   3.4450    15.00    0.843    0.950    1.057      2.400e+02      2.448e+00
   4.0450   3.4300    15.00    0.819    0.946    1.089      1.890e+02      2.098e+00
   4.0450   3.4150    15.00    0.796    0.941    1.121      1.622e+02      1.946e+00
   4.0450   3.4000    15.00    0.774    0.937    1.153      1.632e+02      2.024e+00
   4.0450   3.3850    15.00    0.753    0.933    1.186      1.698e+02      2.139e+00
   4.0450   3.3700    15.00    0.733    0.929    1.218      1.771e+02      2.267e+00
   4.0450   3.3550    15.00    0.714    0.925    1.250      2.090e+02      2.529e+00
   4.0450   3.3400    15.00    0.696    0.921    1.283      2.432e+02      2.821e+00
   4.0450   3.3250    15.00    0.678    0.917    1.315      2.903e+02      3.164e+00
   4.0450   3.3100    15.00    0.662    0.912    1.347      3.352e+02      3.453e+00
   4.0450   3.2950    15.00    0.645    0.908    1.379      3.766e+02      3.691e+00
   4.0450   3.2800    15.00    0.630    0.904    1.412      4.126e+02      3.878e+00
   4.0450   3.2650    15.00    0.615    0.900    1.444      4.478e+02      4.030e+00
   4.0450   3.2500    15.00    0.601    0.896    1.476      4.764e+02      4.097e+00
   4.0450   3.2350    15.00    0.587    0.892    1.509      4.771e+02      4.055e+00
   4.0450   3.2200    15.00    0.573    0.888    1.541      4.899e+02      4.115e+00
   4.0450   3.2050    15.00    0.560    0.883    1.573      4.798e+02      4.030e+00
   4.0450   3.1900    15.00    0.548    0.879    1.605      4.732e+02      3.928e+00
   4.0450   3.1750    15.00    0.536    0.875    1.638      4.625e+02      3.885e+00
   4.0450   3.1600    15.00    0.525    0.871    1.670      4.508e+02      3.787e+00
   4.0450   3.1450    15.00    0.513    0.867    1.702      4.276e+02      3.677e+00
   4.0450   3.1300    15.00    0.503    0.863    1.735      4.021e+02      3.538e+00
   4.0450   3.1150    15.00    0.492    0.859    1.767      3.817e+02      3.435e+00
   4.0450   3.1000    15.00    0.482    0.855    1.799      3.698e+02      3.365e+00
   4.0450   3.0850    15.00    0.472    0.850    1.831      3.612e+02      3.323e+00
   4.0450   3.0700    15.00    0.463    0.846    1.864      3.594e+02      3.306e+00
   4.0450   3.0550    15.00    0.453    0.842    1.896      3.522e+02      3.311e+00
   4.0450   3.0400    15.00    0.444    0.838    1.928      3.436e+02      3.299e+00
   4.0450   3.0250    15.00    0.436    0.834    1.961      3.512e+02      3.407e+00
   4.0450   3.0100    15.00    0.427    0.830    1.993      3.587e+02      3.479e+00
   4.0450   2.9950    15.00    0.419    0.826    2.025      3.581e+02      3.509e+00
   4.0450   2.9800    15.00    0.411    0.821    2.057      3.674e+02      3.637e+00
   4.0450   2.9650    15.00    0.403    0.817    2.090      3.754e+02      3.754e+00
   4.0450   2.9500    15.00    0.396    0.813    2.122      3.748e+02      3.860e+00
   4.0450   2.9350    15.00    0.388    0.809    2.154      3.934e+02      4.052e+00
   4.0450   2.9200    15.00    0.381    0.805    2.187      4.186e+02      4.353e+00
   4.0450   2.9050    15.00    0.374    0.801    2.219      4.092e+02      4.378e+00
   4.0450   2.8900    15.00    0.368    0.797    2.251      4.336e+02      4.683e+00
   4.0450   2.8750    15.00    0.361    0.793    2.283      4.302e+02      4.775e+00
   4.0450   2.8600    15.00    0.355    0.788    2.316      4.328e+02      4.977e+00
   4.0450   3.0100    23.00    0.997    1.936    0.887      2.956e+01      1.567e-01
   4.0450   2.9950    23.00    0.978    1.926    0.925      2.730e+01      1.474e-01
   4.0450   2.9800    23.00    0.959    1.916    0.962      2.357e+01      1.320e-01
   4.0450   2.9650    23.00    0.941    1.907    1.000      1.961e+01      1.177e-01
   4.0450   2.9500    23.00    0.923    1.897    1.038      1.630e+01      1.043e-01
   4.0450   2.9350    23.00    0.906    1.888    1.076      1.422e+01      9.954e-02
   4.0450   2.9200    23.00    0.890    1.878    1.114      1.178e+01      8.953e-02
   4.0450   2.9050    23.00    0.873    1.868    1.151      1.125e+01      9.113e-02
   4.0450   2.8900    23.00    0.858    1.859    1.189      1.134e+01      9.412e-02
   4.0450   2.8750    23.00    0.842    1.849    1.227      1.141e+01      9.813e-02
   4.0450   2.8600    23.00    0.827    1.839    1.265      1.255e+01      1.092e-01
   4.0450   2.8450    23.00    0.813    1.830    1.303      1.473e+01      1.989e-01
   4.0450   2.8300    23.00    0.798    1.820    1.340      1.664e+01      2.130e-01
   4.0450   2.8150    23.00    0.784    1.810    1.378      1.888e+01      2.303e-01
   4.0450   2.8000    23.00    0.771    1.801    1.416      2.109e+01      2.446e-01
   4.0450   2.7850    23.00    0.758    1.791    1.454      2.339e+01      2.573e-01
   4.0450   2.7700    23.00    0.745    1.781    1.492      2.426e+01      2.596e-01
   4.0450   2.7550    23.00    0.732    1.772    1.529      2.578e+01      2.681e-01
   4.0450   2.7400    23.00    0.720    1.762    1.567      2.631e+01      2.684e-01
   4.0450   2.7250    23.00    0.707    1.752    1.605      2.654e+01      2.681e-01
   4.0450   2.7100    23.00    0.696    1.743    1.643      2.660e+01      2.687e-01
   4.0450   2.6950    23.00    0.684    1.733    1.680      2.665e+01      2.665e-01
   4.0450   2.6800    23.00    0.673    1.724    1.718      2.642e+01      2.642e-01
   4.0450   2.6650    23.00    0.662    1.714    1.756      2.689e+01      2.689e-01
   4.0450   2.6500    23.00    0.651    1.704    1.794      2.689e+01      2.689e-01
   4.0450   2.6350    23.00    0.640    1.695    1.832      2.746e+01      2.719e-01
   4.0450   2.6200    23.00    0.630    1.685    1.869      2.727e+01      2.700e-01
   4.0450   2.6050    23.00    0.620    1.675    1.907      2.801e+01      2.773e-01
   4.0450   2.5900    23.00    0.610    1.666    1.945      2.855e+01      2.855e-01
   4.0450   2.5750    23.00    0.600    1.656    1.983      2.997e+01      2.967e-01
   4.0450   2.5600    23.00    0.591    1.646    2.021      3.126e+01      3.095e-01
   4.0450   2.5450    23.00    0.581    1.637    2.058      3.196e+01      3.196e-01
   4.0450   2.5300    23.00    0.572    1.627    2.096      3.347e+01      3.380e-01
   4.0450   2.5150    23.00    0.563    1.617    2.134      3.503e+01      3.538e-01
   4.0450   2.5000    23.00    0.555    1.608    2.172      3.603e+01      3.747e-01
   4.0450   2.4850    23.00    0.546    1.598    2.210      3.916e+01      4.073e-01
   4.0450   2.4700    23.00    0.537    1.588    2.247      3.896e+01      4.247e-01
   4.0450   2.5600    30.00    0.996    2.775    0.892      3.511e+00      1.159e-02
   4.0450   2.5450    30.00    0.980    2.758    0.937      3.326e+00      1.098e-02
   4.0450   2.5300    30.00    0.965    2.742    0.981      2.968e+00      1.039e-02
   4.0450   2.5150    30.00    0.949    2.726    1.026      2.609e+00      9.653e-03
   4.0450   2.5000    30.00    0.935    2.710    1.070      2.267e+00      9.068e-03
   4.0450   2.4850    30.00    0.920    2.693    1.114      2.022e+00      8.492e-03
   4.0450   2.4700    30.00    0.906    2.677    1.159      1.906e+00      8.577e-03
   4.0450   2.4550    30.00    0.892    2.661    1.203      1.993e+00      2.172e-02
   4.0450   2.4400    30.00    0.878    2.645    1.248      2.140e+00      2.290e-02
   4.0450   2.4250    30.00    0.865    2.628    1.292      2.335e+00      2.405e-02
   4.0450   2.4100    30.00    0.851    2.612    1.336      2.625e+00      2.573e-02
   4.0450   2.3950    30.00    0.838    2.596    1.381      2.910e+00      2.706e-02
   4.0450   2.3800    30.00    0.826    2.580    1.425      3.247e+00      2.857e-02
   4.0450   2.3650    30.00    0.813    2.563    1.470      3.566e+00      3.031e-02
   4.0450   2.3500    30.00    0.801    2.547    1.514      3.852e+00      3.120e-02
   4.0450   2.3350    30.00    0.789    2.531    1.558      4.056e+00      2.718e-02
   4.0450   2.3200    30.00    0.777    2.515    1.603      4.192e+00      2.683e-02
   4.0450   2.3050    30.00    0.765    2.498    1.647      4.355e+00      2.657e-02
   4.0450   2.2900    30.00    0.754    2.482    1.692      4.466e+00      2.590e-02
   4.0450   2.2750    30.00    0.742    2.466    1.736      4.697e+00      2.630e-02
   4.0450   2.2600    30.00    0.731    2.450    1.780      4.838e+00      2.613e-02
   4.0450   2.2450    30.00    0.720    2.433    1.825      5.052e+00      2.627e-02
   4.0450   2.2300    30.00    0.710    2.417    1.869      5.192e+00      2.596e-02
   4.0450   2.2150    30.00    0.699    2.401    1.914      5.431e+00      2.661e-02
   4.0450   2.2000    30.00    0.689    2.384    1.958      5.740e+00      2.698e-02
   4.0450   2.1850    30.00    0.679    2.368    2.003      5.976e+00      2.749e-02
   4.0450   2.1700    30.00    0.668    2.352    2.047      6.322e+00      2.845e-02
   4.0450   2.1550    30.00    0.659    2.336    2.091      6.694e+00      3.012e-02
   4.0450   2.1400    30.00    0.649    2.319    2.136      7.059e+00      3.106e-02
   4.0450   2.1250    30.00    0.639    2.303    2.180      7.664e+00      3.296e-02
   4.0450   2.1100    30.00    0.630    2.287    2.225      7.932e+00      3.411e-02
   4.0450   2.0950    30.00    0.621    2.271    2.269      8.582e+00      4.377e-02
   4.0450   2.0800    30.00    0.611    2.254    2.313      8.927e+00      4.463e-02
   4.0450   2.0650    30.00    0.602    2.238    2.358      9.202e+00      4.509e-02
   4.0450   2.0500    30.00    0.594    2.222    2.402      9.315e+00      4.471e-02
   4.0450   2.0350    30.00    0.585    2.206    2.447      9.525e+00      4.572e-02
   4.0450   2.0200    30.00    0.576    2.189    2.491      9.645e+00      4.533e-02
   4.0450   2.0050    30.00    0.568    2.173    2.535      9.999e+00      4.600e-02
   4.0450   1.9900    30.00    0.559    2.157    2.580      1.018e+01      4.683e-02
   4.0450   1.9750    30.00    0.551    2.141    2.624      1.050e+01      4.725e-02
   4.0450   1.9600    30.00    0.543    2.124    2.669      1.095e+01      4.818e-02
   4.0450   1.9450    30.00    0.535    2.108    2.713      1.131e+01      4.863e-02
   4.0450   1.9300    30.00    0.527    2.092    2.757      1.182e+01      5.083e-02
   4.0450   1.9150    30.00    0.519    2.076    2.802      1.217e+01      5.233e-02
   4.0450   1.9000    30.00    0.512    2.059    2.846      1.266e+01      5.444e-02
   4.0450   1.8850    30.00    0.504    2.043    2.891      1.302e+01      5.599e-02
   4.0450   1.8700    30.00    0.497    2.027    2.935      1.349e+01      5.936e-02
   4.0450   1.8550    30.00    0.489    2.011    2.979      1.379e+01      6.205e-02
   4.0450   1.8400    30.00    0.482    1.994    3.024      1.413e+01      6.500e-02
   4.0450   1.8250    30.00    0.475    1.978    3.068      1.442e+01      1.456e-01
   4.0450   1.8100    30.00    0.468    1.962    3.113      1.444e+01      1.444e-01
   4.0450   1.7950    30.00    0.461    1.946    3.157      1.437e+01      1.423e-01
   4.0450   1.7800    30.00    0.454    1.929    3.201      1.457e+01      1.413e-01
   4.0450   1.7650    30.00    0.447    1.913    3.246      1.501e+01      1.426e-01
   4.0450   1.7500    30.00    0.440    1.897    3.290      1.531e+01      1.439e-01
   4.0450   1.7350    30.00    0.434    1.880    3.335      1.557e+01      1.448e-01
   4.0450   1.7200    30.00    0.427    1.864    3.379      1.579e+01      1.453e-01
   4.0450   1.7050    30.00    0.421    1.848    3.423      1.575e+01      1.449e-01
   4.0450   1.6900    30.00    0.414    1.832    3.468      1.634e+01      1.471e-01
   4.0450   1.6750    30.00    0.408    1.815    3.512      1.654e+01      1.489e-01
   4.0450   1.6600    30.00    0.402    1.799    3.557      1.647e+01      1.499e-01
   4.0450   1.6450    30.00    0.396    1.783    3.601      1.679e+01      1.528e-01
   4.0450   1.6300    30.00    0.390    1.767    3.646      1.714e+01      1.560e-01
   4.0450   1.6150    30.00    0.384    1.750    3.690      1.743e+01      1.621e-01
   4.0450   1.6000    30.00    0.378    1.734    3.734      1.760e+01      1.690e-01
   4.0450   1.5850    30.00    0.372    1.718    3.779      1.778e+01      1.760e-01
   4.0450   1.5700    30.00    0.366    1.702    3.823      1.825e+01      1.862e-01
   4.0450   1.5550    30.00    0.361    1.685    3.868      1.806e+01      1.969e-01
   4.0450   1.5400    30.00    0.355    1.669    3.912      1.882e+01      2.164e-01
   4.0450   2.1550    37.00    0.990    3.511    0.916      6.988e-01      2.516e-03
   4.0450   2.1400    37.00    0.975    3.486    0.969      6.651e-01      2.461e-03
   4.0450   2.1250    37.00    0.961    3.462    1.022      6.122e-01      2.449e-03
   4.0450   2.1100    37.00    0.947    3.437    1.074      5.510e-01      2.424e-03
   4.0450   1.7800    45.00    0.992    4.218    0.913      2.108e-01      2.340e-03
   4.0450   1.7650    45.00    0.977    4.182    0.977      2.057e-01      2.242e-03
   4.0450   1.7500    45.00    0.963    4.147    1.040      1.903e-01      2.093e-03
   4.0450   1.7350    45.00    0.948    4.111    1.104      1.763e-01      1.957e-03
   4.0450   1.7200    45.00    0.934    4.076    1.168      1.701e-01      1.888e-03
   4.0450   1.7050    45.00    0.920    4.040    1.231      1.809e-01      1.936e-03
   4.0450   1.6900    45.00    0.906    4.004    1.295      1.930e-01      2.007e-03
   4.0450   1.6750    45.00    0.892    3.969    1.359      2.213e-01      2.191e-03
   4.0450   1.6600    45.00    0.879    3.933    1.423      2.570e-01      2.390e-03
   4.0450   1.6450    45.00    0.865    3.898    1.486      2.898e-01      2.550e-03
   4.0450   1.6300    45.00    0.852    3.862    1.550      3.227e-01      2.743e-03
   4.0450   1.6150    45.00    0.839    3.827    1.614      3.587e-01      2.941e-03
   4.0450   1.6000    45.00    0.826    3.791    1.677      3.865e-01      3.169e-03
   4.0450   1.5850    45.00    0.814    3.756    1.741      4.196e-01      3.441e-03
   4.0450   1.5700    45.00    0.801    3.720    1.805      4.672e-01      3.831e-03
   4.0450   1.5550    45.00    0.789    3.685    1.868      5.059e-01      4.250e-03
   4.0450   1.5400    45.00    0.776    3.649    1.932      5.371e-01      4.726e-03
   4.0450   1.0000    55.00    0.604    3.450    3.145      8.122e-01      8.609e-03
   4.0450   1.0150    55.00    0.616    3.502    3.065      7.853e-01      7.774e-03
   4.0450   1.0300    55.00    0.628    3.553    2.985      7.513e-01      7.137e-03
   4.0450   1.0450    55.00    0.640    3.605    2.905      6.882e-01      6.538e-03
   4.0450   1.0600    55.00    0.653    3.657    2.825      6.432e-01      6.239e-03
   4.0450   1.0750    55.00    0.665    3.708    2.745      5.774e-01      5.889e-03
   4.0450   1.0900    55.00    0.678    3.760    2.665      5.480e-01      5.809e-03
   4.0450   1.1050    55.00    0.691    3.812    2.585      5.121e-01      5.684e-03
   4.0450   1.1200    55.00    0.704    3.864    2.506      4.674e-01      5.515e-03
   4.0450   1.1350    55.00    0.717    3.915    2.426      4.265e-01      5.331e-03
   4.0450   1.1500    55.00    0.730    3.967    2.346      3.818e-01      3.360e-03
   4.0450   1.1650    55.00    0.744    4.019    2.266      3.460e-01      3.045e-03
   4.0450   1.1800    55.00    0.757    4.071    2.186      3.226e-01      2.839e-03
   4.0450   1.1950    55.00    0.771    4.122    2.106      2.848e-01      2.563e-03
   4.0450   1.2100    55.00    0.785    4.174    2.026      2.462e-01      2.339e-03
   4.0450   1.2250    55.00    0.799    4.226    1.946      2.215e-01      2.237e-03
   4.0450   1.2400    55.00    0.813    4.278    1.866      1.985e-01      2.164e-03
   4.0450   1.2550    55.00    0.827    4.329    1.786      1.733e-01      2.080e-03
   4.0450   1.2700    55.00    0.841    4.381    1.707      1.548e-01      2.121e-03
   4.0450   1.2850    55.00    0.856    4.433    1.627      1.398e-01      2.041e-03
   4.0450   1.3000    55.00    0.871    4.485    1.547      1.202e-01      1.911e-03
   4.0450   1.3150    55.00    0.886    4.536    1.467      1.043e-01      1.804e-03
   4.0450   1.3300    55.00    0.901    4.588    1.387      8.283e-02      7.703e-04
   4.0450   1.3450    55.00    0.916    4.640    1.307      7.416e-02      6.749e-04
   4.0450   1.3600    55.00    0.931    4.692    1.227      6.619e-02      5.957e-04
   4.0450   1.3750    55.00    0.947    4.743    1.147      6.445e-02      5.736e-04
   4.0450   1.3900    55.00    0.962    4.795    1.067      6.387e-02      5.621e-04
   4.0450   1.4050    55.00    0.978    4.847    0.988      6.427e-02      5.656e-04
   4.0450   1.4200    55.00    0.994    4.899    0.908      6.470e-02      5.758e-04
   4.2120   1.4961    53.39    0.998    5.087    0.890      5.169e-02      2.094e-03
   4.2120   1.4843    53.39    0.986    5.047    0.952      5.970e-02      2.226e-03
   4.2120   1.4725    53.39    0.974    5.007    1.014      5.654e-02      2.137e-03
   4.2120   1.4608    53.39    0.962    4.967    1.076      5.805e-02      2.133e-03
   4.2120   1.4490    53.39    0.950    4.927    1.138      6.217e-02      2.180e-03
   4.2120   1.4373    53.39    0.939    4.887    1.200      6.041e-02      2.137e-03
   4.2120   1.4255    53.39    0.927    4.847    1.262      6.914e-02      2.316e-03
   4.2120   1.4138    53.39    0.915    4.807    1.324      7.901e-02      2.570e-03
   4.2120   1.4020    53.39    0.904    4.767    1.386      8.407e-02      2.743e-03
   5.1200   1.4719    56.64    0.991    6.784    0.942      1.305e-02      6.573e-04
   5.1200   1.4602    56.64    0.980    6.730    1.018      1.451e-02      7.247e-04
   5.1200   1.4484    56.64    0.969    6.676    1.095      1.347e-02      6.314e-04
   5.1200   1.4367    56.64    0.958    6.622    1.170      1.503e-02      6.740e-04
   5.1200   1.4249    56.64    0.947    6.567    1.247      1.647e-02      7.120e-04
   5.1200   1.4132    56.64    0.936    6.514    1.323      1.973e-02      8.055e-04
   5.1200   1.4014    56.64    0.926    6.459    1.399      2.353e-02      9.679e-04
   5.5070   4.5680    15.15    0.992    1.749    0.894      1.060e+02      1.860e+00
   5.5070   4.5550    15.15    0.976    1.744    0.923      1.020e+02      1.380e+00
   5.5070   4.5410    15.15    0.959    1.738    0.955      9.000e+01      1.180e+00
   5.5070   4.5280    15.15    0.943    1.733    0.984      7.400e+01      1.000e+00
   5.5070   4.5150    15.15    0.928    1.728    1.014      6.200e+01      8.600e-01
   5.5070   4.5020    15.15    0.914    1.723    1.043      5.200e+01      7.400e-01
   5.5070   4.4880    15.15    0.898    1.718    1.075      4.400e+01      6.800e-01
   5.5070   4.4750    15.15    0.885    1.713    1.104      3.800e+01      6.400e-01
   5.5070   4.4620    15.15    0.871    1.708    1.133      3.400e+01      6.400e-01
   5.5070   4.4480    15.15    0.857    1.703    1.165      3.400e+01      7.000e-01
   5.5070   4.4350    15.15    0.844    1.698    1.194      3.400e+01      7.800e-01
   5.5070   4.4220    15.15    0.831    1.693    1.224      3.400e+01      8.800e-01
   5.5070   4.4090    15.15    0.819    1.688    1.253      3.800e+01      9.400e-01
   5.5070   4.3950    15.15    0.806    1.682    1.285      4.200e+01      1.020e+00
   5.5070   4.3820    15.15    0.795    1.677    1.314      4.800e+01      1.100e+00
   5.5070   4.3690    15.15    0.783    1.672    1.343      5.200e+01      1.200e+00
   5.5070   4.3550    15.15    0.771    1.667    1.375      5.600e+01      1.280e+00
   5.5070   4.3420    15.15    0.760    1.662    1.404      6.600e+01      1.400e+00
   5.5070   4.3290    15.15    0.750    1.657    1.434      7.000e+01      1.460e+00
   5.5070   4.3160    15.15    0.739    1.652    1.463      7.600e+01      1.560e+00
   5.5070   4.3020    15.15    0.728    1.647    1.495      8.000e+01      1.620e+00
   5.5070   4.2890    15.15    0.718    1.642    1.524      8.200e+01      1.660e+00
   5.5070   4.2760    15.15    0.709    1.637    1.554      8.200e+01      1.740e+00
   5.5070   4.2620    15.15    0.698    1.631    1.585      8.600e+01      1.860e+00
   5.5070   4.2490    15.15    0.689    1.626    1.615      8.200e+01      2.000e+00
   5.5070   4.2360    15.15    0.680    1.622    1.644      8.400e+01      2.400e+00
   5.5070   4.2230    15.15    0.671    1.617    1.673      8.400e+01      3.200e+00
   5.5070   4.2090    15.15    0.661    1.611    1.705      7.400e+01      5.000e+00
   5.5070   4.1960    15.15    0.653    1.606    1.734      6.800e+01      2.200e+01
   5.5070   4.1590    18.98    0.985    2.490    0.919      1.400e+01      1.740e-01
   5.5070   4.1430    18.98    0.969    2.481    0.959      1.300e+01      1.500e-01
   5.5070   4.1260    18.98    0.953    2.471    1.001      1.140e+01      1.300e-01
   5.5070   4.1100    18.98    0.939    2.461    1.041      9.600e+00      1.120e-01
   5.5070   4.0940    18.98    0.925    2.452    1.080      8.400e+00      9.800e-02
   5.5070   4.0780    18.98    0.911    2.442    1.120      7.400e+00      9.200e-02
   5.5070   4.0620    18.98    0.897    2.432    1.160      6.800e+00      8.800e-02
   5.5070   4.0460    18.98    0.884    2.423    1.199      7.000e+00      9.600e-02
   5.5070   4.0290    18.98    0.870    2.413    1.241      7.400e+00      1.080e-01
   5.5070   4.0130    18.98    0.857    2.403    1.281      8.200e+00      1.280e-01
   5.5070   3.9970    18.98    0.845    2.393    1.321      8.800e+00      1.580e-01
   5.5070   3.9810    18.98    0.832    2.384    1.360      1.020e+01      1.740e-01
   5.5070   3.9650    18.98    0.821    2.374    1.400      1.100e+01      1.860e-01
   5.5070   3.9490    18.98    0.809    2.365    1.439      1.200e+01      2.000e-01
   5.5070   3.9320    18.98    0.797    2.355    1.481      1.320e+01      2.200e-01
   5.5070   3.9160    18.98    0.785    2.345    1.521      1.420e+01      2.400e-01
   5.5070   3.9000    18.98    0.774    2.335    1.561      1.480e+01      2.400e-01
   5.5070   3.8840    18.98    0.764    2.326    1.600      1.540e+01      2.800e-01
   5.5070   3.8680    18.98    0.753    2.316    1.640      1.580e+01      3.400e-01
   5.5070   3.8520    18.98    0.743    2.307    1.679      1.580e+01      5.000e-01
   5.5070   3.8360    18.98    0.733    2.297    1.719      1.420e+01      1.080e+00
   5.5070   3.7590    22.80    0.986    3.235    0.926      3.000e+00      4.200e-02
   5.5070   3.7400    22.80    0.971    3.219    0.978      2.800e+00      3.800e-02
   5.5070   3.7220    22.80    0.956    3.203    1.027      2.600e+00      3.400e-02
   5.5070   3.7040    22.80    0.942    3.188    1.076      2.200e+00      3.000e-02
   5.5070   3.6860    22.80    0.928    3.172    1.125      2.000e+00      2.800e-02
   5.5070   3.6670    22.80    0.914    3.156    1.177      1.960e+00      2.800e-02
   5.5070   3.6490    22.80    0.901    3.140    1.227      1.960e+00      3.200e-02
   5.5070   3.6310    22.80    0.888    3.125    1.276      2.000e+00      3.800e-02
   5.5070   3.6130    22.80    0.875    3.109    1.325      2.200e+00      4.400e-02
   5.5070   3.5940    22.80    0.862    3.093    1.377      2.600e+00      5.200e-02
   5.5070   3.5760    22.80    0.849    3.078    1.426      2.800e+00      5.600e-02
   5.5070   3.5580    22.80    0.837    3.062    1.476      3.200e+00      6.200e-02
   5.5070   3.5400    22.80    0.825    3.047    1.525      3.600e+00      6.800e-02
   5.5070   3.5210    22.80    0.813    3.030    1.577      3.600e+00      7.400e-02
   5.5070   3.5030    22.80    0.802    3.015    1.626      4.000e+00      9.200e-02
   5.5070   3.4850    22.80    0.790    2.999    1.676      4.000e+00      1.300e-01
   5.5070   3.4670    22.80    0.779    2.984    1.725      4.200e+00      3.000e-01
   5.5070   3.3610    26.82    0.989    3.982    0.925      8.000e-01      1.260e-02
   5.5070   3.3440    26.82    0.976    3.962    0.977      7.800e-01      1.100e-02
   5.5070   3.3280    26.82    0.964    3.943    1.026      7.200e-01      1.020e-02
   5.5070   3.3120    26.82    0.953    3.924    1.075      6.800e-01      9.600e-03
   5.5070   3.2950    26.82    0.940    3.904    1.127      6.400e-01      9.200e-03
   5.5070   3.2790    26.82    0.929    3.885    1.176      6.200e-01      9.600e-03
   5.5070   3.2630    26.82    0.918    3.866    1.225      6.200e-01      1.040e-02
   5.5070   3.2460    26.82    0.906    3.846    1.277      6.800e-01      1.260e-02
   5.5070   3.2300    26.82    0.896    3.827    1.326      7.200e-01      1.520e-02
   5.5070   3.2140    26.82    0.885    3.808    1.375      7.800e-01      1.760e-02
   5.5070   3.1970    26.82    0.874    3.788    1.427      8.800e-01      1.920e-02
   5.5070   3.1810    26.82    0.863    3.769    1.476      1.000e+00      2.000e-02
   5.5070   3.1650    26.82    0.853    3.750    1.525      1.040e+00      2.200e-02
   5.5070   3.1480    26.82    0.843    3.730    1.577      1.160e+00      2.600e-02
   5.5070   3.1320    26.82    0.833    3.711    1.626      1.200e+00      3.200e-02
   5.5070   3.1160    26.82    0.823    3.692    1.675      1.320e+00      4.600e-02
   5.5070   3.0990    26.82    0.813    3.672    1.727      1.300e+00      9.800e-02
   5.7660   3.4559    18.00    0.450    1.951    3.265      4.388e+01      8.447e-02
   5.7660   3.5540    18.00    0.483    2.006    3.025      4.206e+01      7.591e-02
   5.7660   3.6444    18.00    0.517    2.057    2.805      3.814e+01      7.099e-02
   5.7660   3.7274    18.00    0.550    2.104    2.602      3.354e+01      6.885e-02
   5.7660   3.8042    18.00    0.583    2.147    2.415      3.053e+01      6.892e-02
   5.7660   3.8756    18.00    0.617    2.187    2.240      2.790e+01      7.091e-02
   5.7660   3.9418    18.00    0.650    2.225    2.079      2.300e+01      7.164e-02
   5.7660   4.0036    18.00    0.683    2.260    1.928      1.924e+01      3.971e-02
   5.7660   4.0614    18.00    0.717    2.292    1.787      1.726e+01      3.693e-02
   5.7660   4.1154    18.00    0.750    2.323    1.655      1.616e+01      3.810e-02
   5.7660   4.1661    18.00    0.783    2.351    1.531      1.498e+01      3.675e-02
   5.7660   4.2140    18.00    0.817    2.378    1.414      1.240e+01      3.444e-02
   5.7660   4.2589    18.00    0.850    2.404    1.305      9.258e+00      2.992e-02
   5.7660   4.3013    18.00    0.883    2.428    1.201      7.803e+00      2.721e-02
   5.7660   4.3414    18.00    0.917    2.450    1.103      8.666e+00      2.903e-02
   5.7660   4.3794    18.00    0.950    2.472    1.011      1.181e+01      3.584e-02
   5.7660   4.4153    18.00    0.983    2.492    0.923      1.502e+01      4.311e-02
   5.7660   2.7802    22.00    0.417    2.335    4.149      1.875e+01      4.070e-02
   5.7660   2.8910    22.00    0.450    2.428    3.848      1.699e+01      3.600e-02
   5.7660   2.9938    22.00    0.483    2.514    3.569      1.528e+01      3.553e-02
   5.7660   3.0899    22.00    0.517    2.595    3.308      1.392e+01      3.871e-02
   5.7660   3.1792    22.00    0.550    2.670    3.065      1.254e+01      2.196e-02
   5.7660   3.2628    22.00    0.583    2.740    2.838      1.118e+01      2.144e-02
   5.7660   3.3413    22.00    0.617    2.806    2.625      9.519e+00      1.921e-02
   5.7660   3.4149    22.00    0.650    2.868    2.425      8.225e+00      1.841e-02
   5.7660   3.4841    22.00    0.683    2.926    2.237      7.144e+00      1.791e-02
   5.7660   3.5496    22.00    0.717    2.981    2.059      5.734e+00      1.657e-02
   5.7660   3.6112    22.00    0.750    3.032    1.892      4.686e+00      1.636e-02
   5.7660   3.6695    22.00    0.783    3.081    1.733      3.908e+00      7.737e-03
   5.7660   3.7249    22.00    0.817    3.128    1.583      3.428e+00      6.959e-03
   5.7660   3.7773    22.00    0.850    3.172    1.440      2.761e+00      6.360e-03
   5.7660   3.8271    22.00    0.883    3.214    1.305      2.090e+00      5.258e-03
   5.7660   3.8745    22.00    0.917    3.253    1.176      1.889e+00      5.007e-03
   5.7660   3.9196    22.00    0.950    3.291    1.054      2.177e+00      5.511e-03
   5.7660   3.9626    22.00    0.983    3.327    0.937      2.681e+00      6.476e-03
   5.7660   3.0184    26.00    0.683    3.523    2.514      3.059e+00      6.156e-03
   5.7660   3.0870    26.00    0.717    3.603    2.305      2.584e+00      5.681e-03
   5.7660   3.1520    26.00    0.750    3.679    2.107      2.030e+00      5.137e-03
   5.7660   3.2139    26.00    0.783    3.751    1.919      1.574e+00      4.627e-03
   5.7660   3.2732    26.00    0.817    3.820    1.738      1.258e+00      4.264e-03
   5.7660   3.3296    26.00    0.850    3.886    1.566      9.930e-01      4.125e-03
   5.7660   3.3835    26.00    0.883    3.949    1.402      7.662e-01      2.436e-03
   5.7660   3.4352    26.00    0.917    4.009    1.245      5.999e-01      2.079e-03
   5.7660   3.4846    26.00    0.950    4.067    1.095      5.993e-01      2.209e-03
   5.7660   3.5319    26.00    0.983    4.122    0.951      6.924e-01      2.394e-03
   5.7660   2.1372    32.00    0.550    3.745    3.945      2.411e+00      6.248e-03
   5.7660   2.2168    32.00    0.583    3.885    3.656      2.023e+00      5.148e-03
   5.7660   2.2933    32.00    0.617    4.019    3.378      1.680e+00      4.756e-03
   5.7660   2.3663    32.00    0.650    4.146    3.114      1.419e+00      4.587e-03
   5.7660   2.4363    32.00    0.683    4.269    2.860      1.168e+00      2.871e-03
   5.7660   2.5037    32.00    0.717    4.387    2.615      9.512e-01      2.682e-03
   5.7660   2.5682    32.00    0.750    4.500    2.381      7.540e-01      2.242e-03
   5.7660   2.6302    32.00    0.783    4.609    2.156      5.785e-01      1.997e-03
   5.7660   2.6900    32.00    0.817    4.714    1.939      4.280e-01      1.757e-03
   5.7660   2.7475    32.00    0.850    4.814    1.730      3.160e-01      1.541e-03
   5.7660   2.8028    32.00    0.883    4.911    1.530      2.308e-01      1.420e-03
   5.7660   2.8563    32.00    0.917    5.005    1.335      1.678e-01      8.572e-04
   5.7660   2.9077    32.00    0.950    5.095    1.149      1.448e-01      8.755e-04
   5.7660   2.9573    32.00    0.983    5.182    0.969      1.460e-01      8.297e-04
   5.7660   1.0408    40.00    0.317    2.808    6.939      2.971e+00      1.169e-02
   5.7660   1.1288    40.00    0.350    3.045    6.537      2.662e+00      8.323e-03
   5.7660   1.2136    40.00    0.383    3.274    6.149      2.340e+00      5.995e-03
   5.7660   1.2956    40.00    0.417    3.495    5.774      2.037e+00      5.470e-03
   5.7660   1.3744    40.00    0.450    3.708    5.413      1.765e+00      5.341e-03
   5.7660   1.4505    40.00    0.483    3.913    5.065      1.493e+00      4.333e-03
   5.7660   1.5243    40.00    0.517    4.113    4.728      1.272e+00      3.495e-03
   5.7660   1.5953    40.00    0.550    4.304    4.403      1.063e+00      3.275e-03
   5.7660   1.6641    40.00    0.583    4.490    4.088      8.720e-01      1.732e-03
   5.7660   1.7307    40.00    0.617    4.669    3.783      7.222e-01      1.435e-03
   5.7660   1.7951    40.00    0.650    4.843    3.489      5.820e-01      1.269e-03
   5.7660   1.8574    40.00    0.683    5.011    3.204      4.645e-01      1.154e-03
   5.7660   1.9180    40.00    0.717    5.175    2.927      3.762e-01      1.153e-03
   5.7660   1.9766    40.00    0.750    5.333    2.659      2.925e-01      8.090e-04
   5.7660   2.0334    40.00    0.783    5.486    2.399      2.247e-01      7.956e-04
   5.7660   2.0887    40.00    0.817    5.635    2.146      1.625e-01      6.818e-04
   5.7660   2.1422    40.00    0.850    5.780    1.901      1.139e-01      5.796e-04
   5.7660   2.1942    40.00    0.883    5.920    1.663      7.683e-02      4.849e-04
   5.7660   2.2449    40.00    0.917    6.057    1.431      5.379e-02      4.411e-04
   5.7660   2.2940    40.00    0.950    6.189    1.207      4.058e-02      2.894e-04
   5.7660   2.3417    40.00    0.983    6.318    0.988      3.684e-02      3.244e-04
   5.7660   0.7929    50.00    0.350    3.266    6.946      1.425e+00      9.731e-03
   5.7660   0.8571    50.00    0.383    3.531    6.561      1.285e+00      7.379e-03
   5.7660   0.9198    50.00    0.417    3.789    6.185      1.084e+00      4.815e-03
   5.7660   0.9808    50.00    0.450    4.040    5.820      9.214e-01      4.379e-03
   5.7660   1.0403    50.00    0.483    4.285    5.463      7.728e-01      4.182e-03
   5.7660   1.0985    50.00    0.517    4.525    5.114      6.428e-01      2.461e-03
   5.7660   1.1551    50.00    0.550    4.758    4.775      5.308e-01      2.066e-03
   5.7660   1.2104    50.00    0.583    4.986    4.443      4.323e-01      1.907e-03
   5.7660   1.2645    50.00    0.617    5.209    4.119      3.444e-01      1.086e-03
   5.7660   1.3172    50.00    0.650    5.426    3.803      2.747e-01      9.858e-04
   5.7660   1.3687    50.00    0.683    5.638    3.494      2.121e-01      8.764e-04
   5.7660   1.4191    50.00    0.717    5.846    3.192      1.658e-01      8.030e-04
   5.7660   1.4682    50.00    0.750    6.048    2.897      1.271e-01      4.847e-04
   5.7660   1.5163    50.00    0.783    6.246    2.609      9.453e-02      4.274e-04
   5.7660   1.5634    50.00    0.817    6.440    2.326      6.785e-02      3.666e-04
   5.7660   1.6094    50.00    0.850    6.630    2.051      4.649e-02      3.063e-04
   5.7660   1.6543    50.00    0.883    6.815    1.781      3.047e-02      2.539e-04
   5.7660   1.6985    50.00    0.917    6.997    1.516      2.014e-02      1.917e-04
   5.7660   1.7415    50.00    0.950    7.174    1.259      1.421e-02      2.072e-04
   5.7660   1.7837    50.00    0.983    7.348    1.006      1.118e-02      1.811e-04
   9.7440   8.4080    10.00    0.993    2.489    0.898      4.820e+01      9.120e-01
   9.7440   8.3970    10.00    0.984    2.486    0.922      4.460e+01      8.160e-01
   9.7440   8.3850    10.00    0.973    2.483    0.948      4.070e+01      7.710e-01
   9.7440   8.3740    10.00    0.964    2.479    0.972      3.870e+01      8.210e-01
   9.7440   8.3620    10.00    0.955    2.476    0.998      3.380e+01      6.980e-01
   9.7440   8.3510    10.00    0.946    2.472    1.022      3.180e+01      7.730e-01
   9.7440   8.3390    10.00    0.936    2.469    1.048      2.840e+01      6.360e-01
   9.7440   8.3280    10.00    0.928    2.466    1.072      2.740e+01      6.950e-01
   9.7440   8.3160    10.00    0.919    2.462    1.098      2.590e+01      7.340e-01
   9.7440   8.3050    10.00    0.911    2.459    1.122      2.580e+01      6.280e-01
   9.7440   8.2930    10.00    0.902    2.455    1.148      2.410e+01      6.270e-01
   9.7440   8.2820    10.00    0.894    2.452    1.172      2.490e+01      6.170e-01
   9.7440   8.2700    10.00    0.885    2.448    1.198      2.510e+01      6.670e-01
   9.7440   8.2590    10.00    0.877    2.445    1.222      2.660e+01      8.310e-01
   9.7440   8.2470    10.00    0.869    2.442    1.248      2.780e+01      8.660e-01
   9.7440   8.2360    10.00    0.862    2.438    1.272      3.080e+01      7.810e-01
   9.7440   8.2240    10.00    0.854    2.435    1.298      3.070e+01      8.000e-01
   9.7440   8.2130    10.00    0.846    2.432    1.322      3.350e+01      9.000e-01
   9.7440   8.2010    10.00    0.839    2.428    1.348      3.590e+01      9.250e-01
   9.7440   8.1900    10.00    0.832    2.425    1.372      3.860e+01      1.060e+00
   9.7440   8.1780    10.00    0.824    2.421    1.398      4.040e+01      1.070e+00
   9.7440   8.1670    10.00    0.817    2.418    1.422      4.220e+01      1.130e+00
   9.7440   8.1550    10.00    0.810    2.414    1.448      4.380e+01      1.180e+00
   9.7440   8.1440    10.00    0.803    2.411    1.472      4.360e+01      1.230e+00
   9.7440   8.1330    10.00    0.796    2.408    1.496      4.690e+01      1.520e+00
   9.7440   8.1210    10.00    0.789    2.404    1.522      4.850e+01      1.420e+00
   9.7440   8.1100    10.00    0.783    2.401    1.546      4.740e+01      1.810e+00
   9.7440   8.0980    10.00    0.776    2.398    1.572      4.860e+01      1.470e+00
   9.7440   8.0870    10.00    0.770    2.394    1.595      4.790e+01      1.500e+00
   9.7440   8.0750    10.00    0.763    2.391    1.622      5.060e+01      1.640e+00
   9.7440   8.0640    10.00    0.757    2.387    1.645      5.270e+01      1.660e+00
   9.7440   8.0520    10.00    0.751    2.384    1.672      5.010e+01      1.710e+00
   9.7440   8.0410    10.00    0.745    2.381    1.695      4.870e+01      2.060e+00
   9.7440   8.0290    10.00    0.739    2.377    1.722      5.110e+01      1.820e+00
   9.7440   8.0180    10.00    0.733    2.374    1.745      5.190e+01      2.260e+00
   9.7440   8.0060    10.00    0.727    2.370    1.771      5.520e+01      2.180e+00
   9.7440   7.9950    10.00    0.721    2.367    1.795      5.030e+01      1.860e+00
   9.7440   7.9830    10.00    0.715    2.363    1.821      5.680e+01      2.360e+00
   9.7440   7.9720    10.00    0.710    2.360    1.845      5.910e+01      1.980e+00
   9.7440   7.9600    10.00    0.704    2.357    1.871      5.480e+01      1.900e+00
   9.7440   7.9490    10.00    0.699    2.353    1.895      5.910e+01      2.000e+00
   9.7440   7.9370    10.00    0.693    2.350    1.921      6.090e+01      2.020e+00
   9.7440   7.9260    10.00    0.688    2.347    1.945      5.800e+01      1.980e+00
   9.7440   7.9140    10.00    0.682    2.343    1.971      6.100e+01      2.050e+00
   9.7440   7.9030    10.00    0.677    2.340    1.995      6.270e+01      2.110e+00
   9.7440   7.8910    10.00    0.672    2.336    2.021      6.310e+01      2.530e+00
   9.7440   7.8790    10.00    0.667    2.333    2.047      6.770e+01      2.560e+00
   9.7440   7.8670    10.00    0.661    2.329    2.073      7.070e+01      2.620e+00
   9.7440   7.8560    10.00    0.656    2.326    2.097      7.280e+01      2.700e+00
   9.7440   7.8440    10.00    0.651    2.322    2.123      7.300e+01      3.080e+00
   9.7440   7.8330    10.00    0.647    2.319    2.147      8.040e+01      3.700e+00
   9.7440   7.8210    10.00    0.642    2.316    2.173      8.380e+01      3.220e+00
   9.7440   7.8100    10.00    0.637    2.312    2.197      8.420e+01      4.060e+00
   9.7440   7.7980    10.00    0.632    2.309    2.223      8.660e+01      4.870e+00
   9.7440   7.7870    10.00    0.628    2.305    2.247      8.670e+01      4.330e+00
   9.7440   7.7750    10.00    0.623    2.302    2.273      8.700e+01      4.200e+00
   9.7440   7.7640    10.00    0.619    2.299    2.297      9.640e+01      4.070e+00
   9.7440   7.7520    10.00    0.614    2.295    2.323      8.530e+01      3.840e+00
   9.7440   7.7410    10.00    0.610    2.292    2.347      9.750e+01      4.690e+00
   9.7440   7.7300    10.00    0.606    2.289    2.371      8.290e+01      4.920e+00
   9.7440   7.7180    10.00    0.601    2.285    2.397      8.450e+01      4.010e+00
   9.7440   7.7070    10.00    0.597    2.282    2.421      9.340e+01      5.130e+00
  12.5650  10.4360    10.00    0.997    3.984    0.891      6.310e+00      1.750e-01
  12.5650  10.4220    10.00    0.989    3.979    0.923      6.060e+00      1.900e-01
  12.5650  10.4070    10.00    0.981    3.973    0.957      5.560e+00      1.550e-01
  12.5650  10.3930    10.00    0.974    3.968    0.988      4.990e+00      1.580e-01
  12.5650  10.3780    10.00    0.965    3.962    1.022      5.000e+00      1.500e-01
  12.5650  10.3640    10.00    0.958    3.957    1.054      4.600e+00      1.470e-01
  12.5650  10.3490    10.00    0.950    3.951    1.088      4.690e+00      1.650e-01
  12.5650  10.3340    10.00    0.942    3.945    1.122      4.590e+00      1.610e-01
  12.5650  10.3200    10.00    0.935    3.940    1.153      4.560e+00      1.730e-01
  12.5650  10.3050    10.00    0.928    3.934    1.187      4.540e+00      1.590e-01
  12.5650  10.2910    10.00    0.921    3.929    1.219      4.890e+00      1.570e-01
  12.5650  10.2760    10.00    0.913    3.923    1.253      4.920e+00      1.510e-01
  12.5650  10.2610    10.00    0.906    3.917    1.286      5.490e+00      1.660e-01
  12.5650  10.2470    10.00    0.899    3.912    1.318      5.600e+00      1.830e-01
  12.5650  10.2320    10.00    0.892    3.906    1.352      6.120e+00      1.680e-01
  12.5650  10.2180    10.00    0.886    3.901    1.384      6.570e+00      1.730e-01
  12.5650  10.2030    10.00    0.879    3.895    1.417      6.780e+00      1.770e-01
  12.5650  10.1890    10.00    0.872    3.890    1.449      6.990e+00      1.940e-01
  12.5650  10.1740    10.00    0.866    3.884    1.483      7.350e+00      2.190e-01
  12.5650  10.1590    10.00    0.859    3.879    1.517      7.540e+00      2.020e-01
  12.5650  10.1450    10.00    0.853    3.873    1.548      8.080e+00      2.170e-01
  12.5650  10.1300    10.00    0.846    3.867    1.582      8.340e+00      2.210e-01
  12.5650  10.1160    10.00    0.840    3.862    1.614      8.760e+00      2.300e-01
  12.5650  10.1010    10.00    0.834    3.856    1.648      8.550e+00      2.440e-01
  12.5650  10.0860    10.00    0.828    3.851    1.682      9.440e+00      2.660e-01
  12.5650  10.0720    10.00    0.822    3.845    1.713      9.230e+00      3.070e-01
  12.5650  10.0570    10.00    0.816    3.840    1.747      1.000e+01      2.760e-01
  12.5650  10.0430    10.00    0.810    3.834    1.779      9.810e+00      3.520e-01
  12.5650  10.0280    10.00    0.804    3.829    1.813      9.910e+00      2.880e-01
  12.5650  10.0140    10.00    0.799    3.823    1.844      1.100e+01      3.200e-01
  12.5650   9.9990    10.00    0.793    3.817    1.878      1.090e+01      3.200e-01
  12.5650   9.9840    10.00    0.787    3.812    1.912      1.200e+01      3.750e-01
  12.5650   9.9700    10.00    0.782    3.806    1.944      1.310e+01      3.690e-01
  12.5650   9.9550    10.00    0.776    3.801    1.978      1.290e+01      4.810e-01
  12.5650   9.9400    10.00    0.770    3.795    2.011      1.350e+01      4.110e-01
  12.5650   9.9250    10.00    0.765    3.789    2.045      1.360e+01      5.020e-01
  15.7300  12.5230    10.00    0.995    5.985    0.913      9.540e-01      2.050e-02
  15.7300  12.5040    10.00    0.987    5.976    0.958      8.880e-01      1.770e-02
  15.7300  12.4850    10.00    0.980    5.967    1.003      9.250e-01      1.970e-02
  15.7300  12.4670    10.00    0.973    5.959    1.045      8.910e-01      2.180e-02
  15.7300  12.4480    10.00    0.966    5.949    1.090      9.220e-01      1.840e-02
  15.7300  12.4290    10.00    0.959    5.940    1.134      8.720e-01      1.950e-02
  15.7300  12.4110    10.00    0.952    5.932    1.177      9.200e-01      1.900e-02
  15.7300  12.3920    10.00    0.946    5.923    1.222      9.460e-01      1.990e-02
  15.7300  12.3730    10.00    0.939    5.914    1.266      1.000e+00      2.360e-02
  15.7300  12.3550    10.00    0.932    5.905    1.309      1.060e+00      2.220e-02
  15.7300  12.3360    10.00    0.926    5.896    1.353      1.120e+00      2.270e-02
  15.7300  12.3180    10.00    0.920    5.887    1.396      1.180e+00      2.620e-02
  15.7300  12.2990    10.00    0.913    5.878    1.440      1.260e+00      2.820e-02
  15.7300  12.2800    10.00    0.907    5.869    1.485      1.290e+00      2.810e-02
  15.7300  12.2620    10.00    0.901    5.861    1.528      1.370e+00      2.690e-02
  15.7300  12.2420    10.00    0.894    5.851    1.575      1.450e+00      2.800e-02
  15.7300  12.2230    10.00    0.888    5.842    1.619      1.570e+00      3.110e-02
  15.7300  12.2050    10.00    0.882    5.833    1.662      1.620e+00      3.390e-02
  15.7300  12.1860    10.00    0.876    5.824    1.707      1.730e+00      3.590e-02
  15.7300  12.1670    10.00    0.870    5.815    1.751      1.880e+00      3.640e-02
  15.7300  12.1490    10.00    0.864    5.807    1.794      1.950e+00      3.810e-02
  15.7300  12.1300    10.00    0.858    5.798    1.838      2.070e+00      4.870e-02
  15.7300  12.1110    10.00    0.852    5.788    1.883      2.210e+00      5.010e-02
  15.7300  12.0930    10.00    0.847    5.780    1.926      2.310e+00      4.660e-02
  15.7300  12.0740    10.00    0.841    5.771    1.970      2.560e+00      5.070e-02
  15.7300  12.0550    10.00    0.835    5.762    2.015      2.540e+00      6.150e-02
  15.7300  12.0370    10.00    0.830    5.753    2.057      2.690e+00      6.370e-02
  15.7300  12.0180    10.00    0.825    5.744    2.102      2.850e+00      8.680e-02
  15.7300  11.9990    10.00    0.819    5.735    2.147      2.810e+00      6.880e-02
  15.7300  11.9810    10.00    0.814    5.726    2.189      3.170e+00      9.290e-02
  15.7300  11.9620    10.00    0.809    5.717    2.234      3.330e+00      1.140e-01
  17.3010  13.5100    10.00    0.998    7.102    0.892      3.970e-01      4.670e-02
  17.3010  13.4870    10.00    0.991    7.090    0.948      4.140e-01      5.010e-02
  17.3010  13.4650    10.00    0.983    7.078    1.000      4.250e-01      4.970e-02
  17.3010  13.4420    10.00    0.976    7.066    1.056      2.380e-01      4.720e-02
  17.3010  13.4200    10.00    0.969    7.055    1.109      3.660e-01      5.170e-02
  17.3010  13.3980    10.00    0.962    7.043    1.161      3.820e-01      5.330e-02
  17.3010  13.3750    10.00    0.954    7.031    1.217      4.600e-01      5.850e-02
  17.3010  13.3530    10.00    0.947    7.019    1.270      5.040e-01      6.020e-02
  17.3010  13.3300    10.00    0.940    7.007    1.325      5.810e-01      6.300e-02
  17.3010  13.3080    10.00    0.934    6.996    1.378      5.490e-01      6.970e-02
  17.3010  13.2850    10.00    0.927    6.984    1.433      6.240e-01      7.060e-02
  17.3010  13.2630    10.00    0.920    6.972    1.486      7.290e-01      7.820e-02
  17.3010  13.2410    10.00    0.914    6.961    1.539      6.710e-01      8.030e-02
  17.3010  13.2180    10.00    0.907    6.948    1.594      7.030e-01      8.380e-02
  17.3010  13.1960    10.00    0.901    6.937    1.647      8.820e-01      9.040e-02
  17.3010  13.1730    10.00    0.894    6.925    1.702      1.070e+00      9.790e-02
  17.3010  13.1510    10.00    0.888    6.913    1.755      1.070e+00      1.020e-01
  17.3010  13.1280    10.00    0.881    6.901    1.810      9.260e-01      9.470e-02
  17.3010  13.1060    10.00    0.875    6.890    1.863      1.060e+00      1.010e-01
  17.3010  13.0830    10.00    0.869    6.877    1.918      1.280e+00      1.070e-01
  17.3010  13.0610    10.00    0.863    6.866    1.971      1.290e+00      1.110e-01
  17.3010  13.0380    10.00    0.857    6.854    2.026      1.130e+00      1.060e-01
  17.3010  13.0150    10.00    0.851    6.842    2.081      1.290e+00      1.120e-01
  17.3010  12.9930    10.00    0.845    6.830    2.134      1.310e+00      1.110e-01
  17.3010  12.9700    10.00    0.839    6.818    2.190      1.360e+00      1.080e-01
  18.4760  14.2160    10.00    0.998    7.981    0.894      2.240e-01      6.170e-03
  18.4760  14.1940    10.00    0.992    7.968    0.947      2.310e-01      6.400e-03
  18.4760  14.1710    10.00    0.985    7.955    1.004      2.530e-01      8.470e-03
  18.4760  14.1480    10.00    0.978    7.942    1.060      2.530e-01      7.330e-03
  18.4760  14.1260    10.00    0.971    7.930    1.113      2.630e-01      7.730e-03
  18.4760  14.1040    10.00    0.965    7.918    1.167      2.650e-01      8.170e-03
  18.4760  14.0820    10.00    0.959    7.905    1.220      2.870e-01      8.000e-03
  18.4760  14.0600    10.00    0.952    7.893    1.274      3.000e-01      8.740e-03
  18.4760  14.0380    10.00    0.946    7.881    1.328      3.040e-01      8.890e-03
  18.4760  14.0160    10.00    0.940    7.868    1.381      3.740e-01      1.010e-02
  18.4760  13.9940    10.00    0.934    7.856    1.435      3.810e-01      1.380e-02
  18.4760  13.9710    10.00    0.928    7.843    1.491      4.050e-01      1.160e-02
  18.4760  13.9490    10.00    0.922    7.831    1.545      4.260e-01      1.350e-02
  18.4760  13.9270    10.00    0.916    7.818    1.598      4.420e-01      1.320e-02
  18.4760  13.9050    10.00    0.910    7.806    1.652      4.660e-01      1.340e-02
  18.4760  13.8830    10.00    0.904    7.794    1.706      4.820e-01      1.560e-02
  18.4760  13.8610    10.00    0.899    7.781    1.759      5.610e-01      2.030e-02
  18.4760  13.8390    10.00    0.893    7.769    1.813      5.970e-01      1.850e-02
  18.4760  13.8170    10.00    0.887    7.757    1.867      6.480e-01      1.980e-02
  18.4760  13.7940    10.00    0.881    7.744    1.923      6.890e-01      2.130e-02
  18.4760  13.7720    10.00    0.876    7.731    1.976      7.320e-01      2.840e-02
  18.4760  13.7500    10.00    0.870    7.719    2.030      8.010e-01      2.970e-02
  18.4760  13.7280    10.00    0.865    7.707    2.084      8.530e-01      3.340e-02
  20.9990  15.6640    10.00    0.998    9.994    0.897      8.320e-02      2.580e-03
  20.9990  15.6390    10.00    0.992    9.978    0.960      7.920e-02      2.340e-03
  20.9990  15.6140    10.00    0.986    9.962    1.023      8.840e-02      2.550e-03
  20.9990  15.5890    10.00    0.980    9.946    1.086      9.530e-02      2.930e-03
  20.9990  15.5640    10.00    0.974    9.931    1.149      9.910e-02      2.820e-03
  20.9990  15.5390    10.00    0.968    9.915    1.212      1.080e-01      3.050e-03
  20.9990  15.5140    10.00    0.962    9.899    1.275      1.180e-01      3.600e-03
  20.9990  15.4890    10.00    0.956    9.883    1.337      1.190e-01      3.330e-03
  20.9990  15.4640    10.00    0.950    9.867    1.400      1.240e-01      4.240e-03
  20.9990  15.4390    10.00    0.944    9.851    1.463      1.460e-01      4.290e-03
  20.9990  15.4140    10.00    0.938    9.835    1.526      1.540e-01      4.300e-03
  20.9990  15.3890    10.00    0.933    9.819    1.589      1.660e-01      5.020e-03
  20.9990  15.3640    10.00    0.927    9.803    1.652      1.800e-01      4.880e-03
  20.9990  15.3390    10.00    0.921    9.787    1.715      2.000e-01      5.370e-03
  20.9990  15.3140    10.00    0.916    9.771    1.778      2.030e-01      6.440e-03
  20.9990  15.2890    10.00    0.910    9.755    1.840      2.220e-01      6.300e-03
  20.9990  15.2640    10.00    0.905    9.739    1.903      2.610e-01      7.630e-03
  20.9990  15.2390    10.00    0.900    9.723    1.966      2.800e-01      1.010e-02
  20.9990  15.2140    10.00    0.894    9.707    2.029      3.120e-01      8.470e-03
  20.9990  15.1890    10.00    0.889    9.691    2.092      2.930e-01      8.640e-03
  20.9990  15.1640    10.00    0.884    9.675    2.155      3.280e-01      1.000e-02
  20.9990  15.1390    10.00    0.878    9.659    2.218      3.380e-01      1.380e-02
  20.9990  15.1140    10.00    0.873    9.643    2.280      3.540e-01      1.480e-02
