      0.100E+01      0.000E+00
   0.100   3.000   5.280      0.654E+00      0.100E+01
      0.100E+01      0.000E+00
   0.120   3.100   4.859      0.648E+00      0.100E+01
      0.100E+01      0.000E+00
   0.140   3.200   4.532      0.639E+00      0.100E+01
      0.100E+01      0.000E+00
   0.160   3.300   4.267      0.627E+00      0.100E+01
      0.100E+01      0.000E+00
   0.180   3.400   4.046      0.612E+00      0.100E+01
      0.100E+01      0.000E+00
   0.200   3.500   3.857      0.595E+00      0.100E+01
      0.100E+01      0.000E+00
   0.220   3.600   3.694      0.577E+00      0.100E+01
      0.100E+01      0.000E+00
   0.240   3.700   3.549      0.556E+00      0.100E+01
      0.100E+01      0.000E+00
   0.260   3.800   3.420      0.535E+00      0.100E+01
      0.100E+01      0.000E+00
   0.280   3.900   3.303      0.512E+00      0.100E+01
      0.100E+01      0.000E+00
   0.300   4.000   3.196      0.488E+00      0.100E+01
      0.100E+01      0.000E+00
   0.320   4.100   3.097      0.463E+00      0.100E+01
      0.100E+01      0.000E+00
   0.340   4.200   3.005      0.438E+00      0.100E+01
      0.100E+01      0.183E-12
   0.360   4.300   2.920      0.412E+00      0.100E+01
      0.999E+00      0.117E-11
   0.380   4.400   2.839      0.387E+00      0.999E+00
      0.999E+00      0.656E-11
   0.400   4.500   2.762      0.362E+00      0.999E+00
      0.999E+00      0.331E-10
   0.420   4.600   2.689      0.337E+00      0.999E+00
      0.999E+00      0.152E-09
   0.440   4.700   2.619      0.312E+00      0.999E+00
      0.998E+00      0.653E-09
   0.460   4.800   2.552      0.288E+00      0.998E+00
      0.998E+00      0.263E-08
   0.480   4.900   2.488      0.265E+00      0.998E+00
      0.997E+00      0.101E-07
   0.500   5.000   2.425      0.243E+00      0.997E+00
      0.996E+00      0.375E-07
   0.520   5.100   2.364      0.221E+00      0.996E+00
      0.995E+00      0.136E-06
   0.540   5.200   2.304      0.200E+00      0.995E+00
      0.994E+00      0.487E-06
   0.560   5.300   2.246      0.181E+00      0.994E+00
      0.993E+00      0.175E-05
   0.580   5.400   2.189      0.163E+00      0.993E+00
      0.992E+00      0.646E-05
   0.600   5.500   2.132      0.145E+00      0.992E+00
      0.990E+00      0.246E-04
   0.620   5.600   2.077      0.129E+00      0.990E+00
      0.989E+00      0.951E-04
   0.640   5.700   2.021      0.114E+00      0.989E+00
      0.987E+00      0.312E-03
   0.660   5.800   1.967      0.100E+00      0.987E+00
      0.985E+00      0.611E-03
   0.680   5.900   1.912      0.877E-01      0.985E+00
      0.983E+00      0.773E-03
   0.700   6.000   1.858      0.761E-01      0.984E+00
      0.981E+00      0.890E-03
   0.720   6.100   1.803      0.657E-01      0.982E+00
      0.979E+00      0.107E-02
   0.740   6.200   1.749      0.563E-01      0.980E+00
      0.977E+00      0.142E-02
   0.760   6.300   1.694      0.479E-01      0.978E+00
      0.975E+00      0.239E-02
   0.780   6.400   1.639      0.405E-01      0.977E+00
      0.972E+00      0.728E-02
   0.800   6.500   1.583      0.340E-01      0.979E+00
      0.966E+00      0.373E-01
   0.820   6.600   1.526      0.283E-01      0.100E+01
      0.945E+00      0.318E-01
   0.840   6.700   1.468      0.233E-01      0.977E+00
      0.889E+00     -0.900E-02
   0.860   6.800   1.410      0.190E-01      0.880E+00
      0.880E+00     -0.374E-01
   0.880   6.900   1.349      0.154E-01      0.843E+00
      0.850E+00     -0.925E-01
   0.900   7.000   1.287      0.123E-01      0.758E+00
