   0.100   3.000  27.880      0.337E+00      0.332E+00
   0.120   3.100  23.613      0.331E+00      0.327E+00
   0.140   3.200  20.537      0.324E+00      0.321E+00
   0.160   3.300  18.205      0.317E+00      0.313E+00
   0.180   3.400  16.369      0.309E+00      0.305E+00
   0.200   3.500  14.880      0.300E+00      0.295E+00
   0.220   3.600  13.643      0.291E+00      0.285E+00
   0.240   3.700  12.597      0.280E+00      0.274E+00
   0.260   3.800  11.695      0.269E+00      0.263E+00
   0.280   3.900  10.908      0.258E+00      0.251E+00
   0.300   4.000  10.213      0.245E+00      0.239E+00
   0.320   4.100   9.592      0.233E+00      0.227E+00
   0.340   4.200   9.033      0.220E+00      0.214E+00
   0.360   4.300   8.524      0.207E+00      0.202E+00
   0.380   4.400   8.059      0.193E+00      0.189E+00
   0.400   4.500   7.630      0.180E+00      0.177E+00
   0.420   4.600   7.232      0.167E+00      0.165E+00
   0.440   4.700   6.862      0.155E+00      0.153E+00
   0.460   4.800   6.515      0.142E+00      0.141E+00
   0.480   4.900   6.188      0.131E+00      0.130E+00
   0.500   5.000   5.880      0.119E+00      0.119E+00
   0.520   5.100   5.588      0.109E+00      0.109E+00
   0.540   5.200   5.309      0.984E-01      0.992E-01
   0.560   5.300   5.044      0.888E-01      0.898E-01
   0.580   5.400   4.790      0.798E-01      0.809E-01
   0.600   5.500   4.547      0.714E-01      0.725E-01
   0.620   5.600   4.312      0.635E-01      0.646E-01
   0.640   5.700   4.086      0.562E-01      0.572E-01
   0.660   5.800   3.868      0.494E-01      0.504E-01
   0.680   5.900   3.656      0.431E-01      0.441E-01
   0.700   6.000   3.451      0.373E-01      0.382E-01
   0.720   6.100   3.252      0.320E-01      0.329E-01
   0.740   6.200   3.058      0.272E-01      0.281E-01
   0.760   6.300   2.869      0.228E-01      0.237E-01
   0.780   6.400   2.685      0.188E-01      0.198E-01
   0.800   6.500   2.505      0.152E-01      0.163E-01
   0.820   6.600   2.329      0.120E-01      0.132E-01
   0.840   6.700   2.156      0.924E-02      0.105E-01
   0.860   6.800   1.987      0.682E-02      0.809E-02
   0.880   6.900   1.821      0.478E-02      0.612E-02
   0.900   7.000   1.658      0.310E-02      0.471E-02
