0.22  180  0.15532  1.90274
0.22  180  0.155232  1.8973
0.22  180  0.155056  1.8865
0.22  180  0.15488  1.87579
0.22  180  0.154704  1.86518
0.22  180  0.154528  1.85466
0.22  180  0.15444  1.84944
0.22  180  0.154264  1.83907
0.22  180  0.154088  1.82879
0.22  180  0.153912  1.8186
0.22  180  0.153736  1.8085
0.22  180  0.153648  1.80348
0.22  180  0.153472  1.79352
0.22  180  0.153296  1.78364
0.22  180  0.15312  1.77384
0.22  180  0.152944  1.76413
0.22  180  0.152856  1.75931
0.22  180  0.15268  1.74973
0.22  180  0.152504  1.74023
0.22  180  0.152328  1.73081
0.22  180  0.152152  1.72146
0.22  180  0.1518  1.70302
0.22  180  0.150392  1.63224
0.22  180  0.148896  1.56193
0.22  180  0.147488  1.49991
0.22  180  0.14608  1.44158
0.22  180  0.144584  1.38327
0.22  180  0.143176  1.33155
0.22  180  0.141768  1.28264
0.22  180  0.140272  1.2335
0.22  180  0.138864  1.18971
0.22  180  0.137368  1.14558
0.22  180  0.13596  1.10614
0.22  180  0.134552  1.06858
0.22  180  0.131648  0.996513
0.22  180  0.130152  0.96196
0.22  180  0.128744  0.930895
0.22  180  0.127248  0.899334
0.22  180  0.125752  0.869164
0.22  180  0.124344  0.84196
0.22  180  0.122848  0.814242
0.22  180  0.12144  0.789204
0.22  180  0.119944  0.76365
0.22  180  0.118448  0.739113
0.22  180  0.11704  0.716896
0.22  180  0.115544  0.694169
0.22  180  0.114048  0.672296
0.22  180  0.11264  0.652448
0.22  180  0.110616  0.625097
0.22  180  0.108152  0.593549
0.22  180  0.105072  0.556583
0.22  180  0.101992  0.522104
0.22  180  0.098912  0.489867
0.22  180  0.095832  0.459661
0.22  180  0.092664  0.430516
0.22  180  0.089584  0.403882
0.22  180  0.086504  0.37878
0.22  180  0.083336  0.354424
0.22  180  0.080256  0.33205
0.22  180  0.077088  0.31027
0.22  180  0.07392  0.289644
0.22  180  0.07084  0.270611
0.22  180  0.067672  0.252006
0.22  180  0.064504  0.234314
0.22  180  0.061336  0.217469
0.22  180  0.058168  0.201413
0.22  180  0.055  0.18609
0.269  180  0.223378  1.93871
0.269  180  0.223162  1.93055
0.269  180  0.222947  1.92245
0.269  180  0.222732  1.9144
0.269  180  0.222624  1.91039
0.269  180  0.222409  1.90242
0.269  180  0.222194  1.8945
0.269  180  0.221979  1.88662
0.269  180  0.221871  1.88271
0.269  180  0.221656  1.87491
0.269  180  0.221441  1.86716
0.269  180  0.221333  1.86331
0.269  180  0.221118  1.85563
0.269  180  0.220903  1.848
0.269  180  0.220688  1.84043
0.269  180  0.22058  1.83665
0.269  180  0.220365  1.82915
0.269  180  0.22015  1.82168
0.269  180  0.219934  1.81427
0.269  180  0.219827  1.81058
0.269  180  0.219612  1.80323
0.269  180  0.219181  1.78867
0.269  180  0.21746  1.73218
0.269  180  0.215738  1.67833
0.269  180  0.214124  1.63008
0.269  180  0.212402  1.58084
0.269  180  0.210681  1.53375
0.269  180  0.209067  1.49144
0.269  180  0.207345  1.44814
0.269  180  0.205624  1.40662
0.269  180  0.20401  1.36921
0.269  180  0.202288  1.33084
0.269  180  0.200566  1.29396
0.269  180  0.198845  1.25847
0.269  180  0.197123  1.22431
0.269  180  0.195509  1.19342
0.269  180  0.193788  1.16162
0.269  180  0.192066  1.13095
0.269  180  0.190344  1.10134
0.269  180  0.188623  1.07274
0.269  180  0.186901  1.04511
0.269  180  0.18518  1.01838
0.269  180  0.183458  0.992525
0.269  180  0.181736  0.967496
0.269  180  0.180015  0.943254
0.269  180  0.178293  0.919763
0.269  180  0.176572  0.896988
0.269  180  0.17485  0.874898
0.269  180  0.173128  0.853461
0.269  180  0.171407  0.83265
0.269  180  0.169685  0.812438
0.269  180  0.167964  0.792798
0.269  180  0.166242  0.773707
0.269  180  0.16452  0.755142
0.269  180  0.162799  0.737082
0.269  180  0.161077  0.719507
0.269  180  0.159248  0.701342
0.269  180  0.157526  0.684706
0.269  180  0.155805  0.668499
0.269  180  0.154083  0.652703
0.269  180  0.152362  0.637305
0.269  180  0.150532  0.621362
0.269  180  0.148811  0.606736
0.269  180  0.147197  0.593346
0.269  180  0.143969  0.567457
0.269  180  0.13988  0.536268
0.269  180  0.135791  0.506739
0.269  180  0.131702  0.478741
0.269  180  0.127614  0.452158
0.269  180  0.123525  0.426885
0.269  180  0.119328  0.40221
0.269  180  0.11524  0.379312
0.269  180  0.111151  0.357463
0.269  180  0.106954  0.336058
0.269  180  0.102866  0.316128
0.269  180  0.0986692  0.296561
0.269  180  0.0944728  0.277837
0.269  180  0.0902764  0.259902
0.269  180  0.08608  0.242707
0.269  180  0.0818836  0.226207
0.269  180  0.0776872  0.210361
0.269  180  0.0734908  0.195131
0.269  180  0.0691868  0.180114
0.269  180  0.0649904  0.166026
0.269  180  0.0606864  0.152114
0.32  180  0.303616  1.95405
0.32  180  0.30336  1.9477
0.32  180  0.303232  1.94453
0.32  180  0.302976  1.93823
0.32  180  0.30272  1.93195
0.32  180  0.302592  1.92882
0.32  180  0.302336  1.92259
0.32  180  0.30208  1.91639
0.32  180  0.301952  1.9133
0.32  180  0.301696  1.90714
0.32  180  0.30144  1.90101
0.32  180  0.301312  1.89796
0.32  180  0.301056  1.89188
0.32  180  0.3008  1.88582
0.32  180  0.300672  1.8828
0.32  180  0.300416  1.87679
0.32  180  0.30016  1.8708
0.32  180  0.300032  1.86782
0.32  180  0.299776  1.86188
0.32  180  0.29952  1.85596
0.32  180  0.299392  1.85301
0.32  180  0.29888  1.84129
0.32  180  0.29696  1.79828
0.32  180  0.29504  1.75671
0.32  180  0.29312  1.71651
0.32  180  0.2912  1.67761
0.32  180  0.289152  1.63749
0.32  180  0.287232  1.60109
0.32  180  0.285312  1.56582
0.32  180  0.283392  1.53162
0.32  180  0.281472  1.49845
0.32  180  0.279552  1.46626
0.32  180  0.277632  1.435
0.32  180  0.275712  1.40464
0.32  180  0.273792  1.37514
0.32  180  0.271744  1.34458
0.32  180  0.269824  1.31674
0.32  180  0.267904  1.28965
0.32  180  0.265984  1.26329
0.32  180  0.263936  1.23594
0.32  180  0.262016  1.21099
0.32  180  0.260096  1.18668
0.32  180  0.258176  1.16298
0.32  180  0.256128  1.13836
0.32  180  0.254208  1.11587
0.32  180  0.252288  1.09392
0.32  180  0.25024  1.0711
0.32  180  0.24832  1.05023
0.32  180  0.2464  1.02984
0.32  180  0.244352  1.00863
0.32  180  0.240384  0.968981
0.32  180  0.236416  0.931151
0.32  180  0.232448  0.895016
0.32  180  0.22848  0.860465
0.32  180  0.224512  0.827394
0.32  180  0.220544  0.795712
0.32  180  0.216576  0.765333
0.32  180  0.21248  0.735256
0.32  180  0.208512  0.707288
0.32  180  0.204544  0.680402
0.32  180  0.200448  0.653719
0.32  180  0.19648  0.628848
0.32  180  0.192384  0.604127
0.32  180  0.188288  0.580322
0.32  180  0.181504  0.542775
0.32  180  0.176384  0.515884
0.32  180  0.171264  0.490148
0.32  180  0.166144  0.465495
0.32  180  0.160896  0.441279
0.32  180  0.155776  0.418619
0.32  180  0.150656  0.396855
0.32  180  0.145408  0.375422
0.32  180  0.14016  0.354824
0.32  180  0.134912  0.335013
0.32  180  0.129792  0.316402
0.32  180  0.124544  0.298019
0.32  180  0.119296  0.280301
0.32  180  0.11392  0.262802
0.32  180  0.108672  0.246324
0.32  180  0.103424  0.23041
0.32  180  0.098048  0.214664
0.32  180  0.0928  0.199809
0.32  180  0.087424  0.185092
0.843  180  1.43647  1.8357
0.843  180  1.42298  1.80119
0.843  180  1.4095  1.76732
0.843  180  1.39601  1.73409
0.843  180  1.37915  1.69341
0.843  180  1.36566  1.66154
0.843  180  1.35217  1.63024
0.843  180  1.33868  1.5995
0.843  180  1.3252  1.56931
0.843  180  1.31171  1.53965
0.843  180  1.29822  1.51051
0.843  180  1.28473  1.48188
0.843  180  1.27124  1.45373
0.843  180  1.25776  1.42607
0.843  180  1.24427  1.39887
0.843  180  1.23415  1.37877
0.843  180  1.22066  1.35236
0.843  180  1.20718  1.32639
0.843  180  1.19369  1.30084
0.843  180  1.18357  1.28195
0.843  180  1.17008  1.25712
0.843  180  1.15997  1.23876
0.843  180  1.14648  1.21462
0.843  180  1.13636  1.19676
0.843  180  1.12288  1.17328
0.843  180  1.11276  1.15591
0.843  180  1.09927  1.13307
0.843  180  1.08916  1.11616
0.843  180  1.07904  1.09945
0.843  180  1.06892  1.08293
0.843  180  1.05544  1.0612
0.843  180  1.04532  1.04511
0.843  180  1.0352  1.02921
0.843  180  1.02509  1.01348
0.843  180  1.01497  0.997921
0.843  180  1.00486  0.982536
0.843  180  0.991368  0.962285
0.843  180  0.981252  0.94729
0.843  180  0.974508  0.937383
0.843  180  0.964392  0.922656
0.843  180  0.954276  0.908087
0.843  180  0.94416  0.893673
0.843  180  0.934044  0.879412
0.843  180  0.923928  0.865301
0.843  180  0.913812  0.851338
0.843  180  0.907068  0.842111
0.843  180  0.896952  0.82839
0.843  180  0.886836  0.81481
0.843  180  0.87672  0.801371
0.843  180  0.869976  0.792488
0.843  180  0.85986  0.779277
0.843  180  0.853116  0.770544
0.843  180  0.843  0.757555
0.843  180  0.836256  0.748968
0.843  180  0.82614  0.736196
0.843  180  0.816024  0.723552
0.843  180  0.80928  0.715192
0.843  180  0.802536  0.706888
0.843  180  0.79242  0.694533
0.843  180  0.785676  0.686365
0.843  180  0.77556  0.674212
0.843  180  0.768816  0.666175
0.843  180  0.762072  0.658191
0.843  180  0.751956  0.646312
1.02  180  1.9176  1.85796
1.02  180  1.8972  1.82164
1.02  180  1.8768  1.78596
1.02  180  1.86048  1.75787
1.02  180  1.84008  1.72332
1.02  180  1.81968  1.68937
1.02  180  1.80336  1.66263
1.02  180  1.78704  1.63626
1.02  180  1.76664  1.6038
1.02  180  1.75032  1.57823
1.02  180  1.734  1.55301
1.02  180  1.7136  1.52195
1.02  180  1.6932  1.4914
1.02  180  1.67688  1.46732
1.02  180  1.66056  1.44356
1.02  180  1.64424  1.42011
1.02  180  1.62792  1.39696
1.02  180  1.6116  1.3741
1.02  180  1.5912  1.34594
1.02  180  1.57488  1.32373
1.02  180  1.55856  1.3018
1.02  180  1.54632  1.28553
1.02  180  1.53  1.26408
1.02  180  1.51368  1.24288
1.02  180  1.49736  1.22195
1.02  180  1.48104  1.20128
1.02  180  1.46472  1.18085
1.02  180  1.45248  1.16569
1.02  180  1.43616  1.14569
1.02  180  1.42392  1.13085
1.02  180  1.4076  1.11126
1.02  180  1.39536  1.09673
1.02  180  1.37904  1.07754
1.02  180  1.3668  1.0633
1.02  180  1.35456  1.04918
1.02  180  1.33824  1.03055
1.02  180  1.33008  1.02131
1.02  180  1.31784  1.00756
1.02  180  1.3056  0.993924
1.02  180  1.28928  0.975924
1.02  180  1.27704  0.962557
1.02  180  1.2648  0.949303
1.02  180  1.25256  0.93616
1.02  180  1.24032  0.923128
1.02  180  1.22808  0.910205
1.02  180  1.21584  0.897388
1.02  180  1.2036  0.884678
1.02  180  1.19136  0.872073
1.02  180  1.17504  0.855427
1.02  180  1.1628  0.843061
1.02  180  1.15464  0.834873
1.02  180  1.1424  0.822674
1.02  180  1.13016  0.810573
1.02  180  1.11792  0.79857
1.02  180  1.10568  0.786663
1.02  180  1.09344  0.774851
1.02  180  1.08528  0.767029
1.02  180  1.07304  0.755373
1.02  180  1.0608  0.743809
1.02  180  1.05264  0.73615
1.02  180  1.0404  0.724737
1.02  180  1.02816  0.713413
1.02  180  1.02  0.705912
1.189  180  2.41129  1.88411
1.189  180  2.38751  1.85195
1.189  180  2.36373  1.82026
1.189  180  2.33995  1.78902
1.189  180  2.31142  1.75212
1.189  180  2.28764  1.72185
1.189  180  2.26386  1.692
1.189  180  2.24483  1.66842
1.189  180  2.22105  1.63932
1.189  180  2.19727  1.61061
1.189  180  2.17349  1.5823
1.189  180  2.14971  1.55437
1.189  180  2.13069  1.5323
1.189  180  2.10691  1.50504
1.189  180  2.08788  1.4835
1.189  180  2.06886  1.46218
1.189  180  2.04508  1.43585
1.189  180  2.0213  1.40987
1.189  180  2.00228  1.38933
1.189  180  1.98325  1.36899
1.189  180  1.96423  1.34887
1.189  180  1.9452  1.32896
1.189  180  1.92142  1.30435
1.189  180  1.9024  1.28489
1.189  180  1.88338  1.26563
1.189  180  1.86435  1.24655
1.189  180  1.84533  1.22767
1.189  180  1.8263  1.20898
1.189  180  1.80728  1.19047
1.189  180  1.78826  1.17214
1.189  180  1.76923  1.154
1.189  180  1.75496  1.1405
1.189  180  1.73594  1.12266
1.189  180  1.71692  1.10499
1.189  180  1.69789  1.0875
1.189  180  1.67887  1.07017
1.189  180  1.6646  1.05728
1.189  180  1.64558  1.04024
1.189  180  1.63131  1.02756
1.189  180  1.61228  1.0108
1.189  180  1.59802  0.998328
1.189  180  1.57899  0.981839
1.189  180  1.56472  0.969573
1.189  180  1.55046  0.957392
1.189  180  1.53143  0.941282
1.189  180  1.51716  0.929297
1.189  180  1.5029  0.917394
1.189  180  1.48387  0.90165
1.189  180  1.4696  0.889936
1.189  180  1.45534  0.878302
1.189  180  1.44107  0.866746
1.189  180  1.4268  0.855269
1.189  180  1.41253  0.843868
1.189  180  1.39826  0.832544
1.189  180  1.384  0.821296
1.189  180  1.36973  0.810123
1.189  180  1.35546  0.799023
1.189  180  1.34595  0.791665
1.281  180  2.56712  1.75385
1.281  180  2.5415  1.72529
1.281  180  2.51588  1.69709
1.281  180  2.49026  1.66924
1.281  180  2.46464  1.64174
1.281  180  2.43902  1.61459
1.281  180  2.4134  1.58777
1.281  180  2.36729  1.54031
1.281  180  2.34167  1.5144
1.281  180  2.32117  1.49389
1.281  180  2.29555  1.46853
1.281  180  2.27506  1.44846
1.281  180  2.24944  1.42365
1.281  180  2.22894  1.40401
1.281  180  2.1777  1.35571
1.281  180  2.15208  1.33198
1.281  180  2.13158  1.31319
1.281  180  2.11109  1.29458
1.281  180  2.09059  1.27613
1.281  180  2.0701  1.25786
1.281  180  2.0496  1.23975
1.281  180  2.00348  1.1996
1.281  180  1.98299  1.18202
1.281  180  1.96249  1.16459
1.281  180  1.942  1.14732
1.281  180  1.9215  1.1302
1.281  180  1.91125  1.12169
1.281  180  1.90613  1.11745
1.281  180  1.87538  1.09222
1.281  180  1.86001  1.07973
1.281  180  1.83952  1.0632
1.281  180  1.82414  1.05089
1.281  180  1.80365  1.03461
1.281  180  1.78828  1.02249
1.281  180  1.7729  1.01045
1.281  180  1.75241  0.994514
1.281  180  1.73704  0.982651
1.281  180  1.71654  0.96695
1.281  180  1.70117  0.955261
1.281  180  1.68067  0.939791
1.281  180  1.6653  0.928273
1.281  180  1.6448  0.913028
1.511  89.97  1.8485  1.09572
1.511  89.97  1.83037  1.07779
1.511  89.97  1.81225  1.06009
1.511  89.97  1.79413  1.04262
1.511  89.97  1.77601  1.02538
1.511  89.97  1.75788  1.00836
1.511  89.97  1.73674  0.988781
1.511  89.97  1.71862  0.972231
1.511  89.97  1.7005  0.955891
1.511  89.97  1.68237  0.939756
1.511  89.97  1.66425  0.923823
1.511  89.97  1.64613  0.908087
1.511  89.97  1.62801  0.892546
1.511  89.97  1.60988  0.877196
1.511  89.97  1.58874  0.859524
1.511  89.97  1.57062  0.844574
1.511  89.97  1.55249  0.829805
1.511  90.07  1.81542  1.06194
1.511  90.07  1.79726  1.04444
1.511  90.07  1.77911  1.02717
1.511  90.07  1.76095  1.01012
1.511  90.07  1.73977  0.990508
1.511  90.07  1.72162  0.973929
1.511  90.07  1.70346  0.95756
1.511  90.07  1.68531  0.941397
1.511  90.07  1.66716  0.925436
1.511  90.07  1.649  0.909673
1.511  90.07  1.63085  0.894105
1.511  90.07  1.61269  0.878728
1.511  90.07  1.59151  0.861024
1.511  90.07  1.57336  0.846049
1.511  90.07  1.55521  0.831254
1.968  55.21  1.89982  1.19953
1.968  55.21  1.88461  1.17737
1.968  55.21  1.87109  1.15807
1.968  55.21  1.85757  1.13911
1.968  55.21  1.84236  1.1182
1.968  55.21  1.82883  1.09997
1.968  55.21  1.81362  1.07985
1.968  55.21  1.8001  1.06231
1.968  55.21  1.78658  1.04507
1.968  55.21  1.77137  1.02603
1.968  55.21  1.75784  1.00942
1.968  55.21  1.74263  0.991077
1.968  55.21  1.72911  0.975062
1.968  55.21  1.7139  0.957366
1.968  55.21  1.70038  0.941914
1.968  55.21  1.68686  0.926717
1.968  55.21  1.67164  0.909918
1.968  55.21  1.65812  0.895242
1.968  55.21  1.64291  0.879013
1.968  55.21  1.62939  0.864832
1.968  55.21  1.61587  0.850875
1.968  55.21  1.60065  0.835435
1.968  55.21  1.58713  0.821937
1.968  55.21  1.57192  0.807001
1.968  89.95  2.60729  1.06468
1.968  89.95  2.57976  1.04782
1.968  89.95  2.55617  1.03351
1.968  89.95  2.52864  1.01698
1.968  89.95  2.50111  1.00062
1.968  89.95  2.47358  0.984435
1.968  89.95  2.44606  0.968417
1.968  89.95  2.41853  0.952565
1.968  89.97  2.74589  1.15218
1.968  89.97  2.71835  1.13437
1.968  89.97  2.69081  1.11676
1.968  89.97  2.66328  1.09934
1.968  89.97  2.63574  1.0821
1.968  89.97  2.6082  1.06505
1.968  89.97  2.58066  1.04819
1.968  89.97  2.55706  1.03387
1.968  89.97  2.52952  1.01733
1.968  89.97  2.50199  1.00097
1.968  89.97  2.47445  0.984779
1.968  89.97  2.44691  0.968756
1.968  89.97  2.41937  0.952898
1.968  89.97  2.39183  0.937203
1.968  89.97  2.3643  0.921669
1.968  89.97  2.33676  0.906293
1.968  89.97  2.31316  0.893238
1.968  89.97  2.28562  0.87815
1.968  89.97  2.25808  0.863213
2.015  38.84  1.27685  1.16912
2.015  38.84  1.26838  1.14271
2.015  38.84  1.25867  1.11344
2.015  38.84  1.24905  1.08547
2.015  38.84  1.23934  1.05822
2.015  38.84  1.22971  1.03214
2.015  38.84  1.22009  1.00694
2.015  38.84  1.21038  0.982339
2.015  38.84  1.20075  0.958758
2.015  38.84  1.19104  0.935721
2.015  38.84  1.18142  0.913614
2.015  38.84  1.17171  0.891994
2.015  38.84  1.16208  0.871227
2.015  38.84  1.15237  0.850897
2.407  41.11  1.90735  1.27052
2.407  41.11  1.89548  1.24702
2.407  41.11  1.88361  1.2241
2.407  41.11  1.87174  1.20173
2.407  41.11  1.86106  1.18206
2.407  41.11  1.84919  1.16069
2.407  41.11  1.83732  1.13981
2.407  41.11  1.82545  1.11942
2.407  41.11  1.81358  1.09948
2.407  41.11  1.8029  1.08193
2.407  41.11  1.79103  1.06284
2.407  41.11  1.77916  1.04417
2.407  41.11  1.76729  1.0259
2.407  41.11  1.75542  1.00803
2.407  41.11  1.74474  0.992276
2.407  41.11  1.73287  0.975119
2.407  41.11  1.721  0.958321
2.407  41.11  1.70913  0.94187
2.407  41.11  1.69726  0.925755
2.407  41.11  1.68658  0.911532
2.407  41.11  1.67471  0.89603
2.407  41.11  1.66284  0.880836
2.407  41.11  1.65098  0.865941
2.407  41.11  1.63911  0.851336
2.407  41.11  1.62842  0.838433
2.407  41.11  1.61656  0.824357
2.407  41.11  1.60469  0.810548
2.407  41.11  1.59282  0.796999
2.407  41.11  1.58214  0.78502
2.407  41.11  1.57027  0.771943
2.407  41.11  1.5584  0.759105
2.407  41.11  1.54653  0.7465
2.407  58.88  2.60974  1.08227
2.407  58.88  2.5888  1.06612
2.407  58.88  2.56554  1.04844
2.407  58.88  2.54461  1.03276
2.407  58.88  2.52135  1.01558
2.407  58.88  2.50042  1.00034
2.407  58.88  2.47716  0.983654
2.407  58.88  2.45622  0.968844
2.407  58.88  2.43296  0.952618
2.407  58.88  2.41203  0.938217
2.407  58.88  2.38877  0.922437
2.407  58.88  2.36784  0.908429
2.407  58.88  2.34458  0.893075
2.407  58.88  2.32364  0.879444
2.407  58.88  2.30038  0.864501
2.407  58.88  2.27945  0.851231
2.407  58.88  2.25619  0.836682
2.407  58.88  2.23526  0.823759
2.407  58.88  2.212  0.809589
2.407  89.97  3.54125  1.12933
2.407  89.97  3.50276  1.11173
2.407  89.97  3.46908  1.09647
2.407  89.97  3.43058  1.07919
2.407  89.97  3.3969  1.06419
2.407  89.97  3.35841  1.04721
2.407  89.97  3.32473  1.03248
2.407  89.97  3.28624  1.01579
2.407  89.97  3.25256  1.00131
2.407  89.97  3.21407  0.98491
2.407  89.97  3.18039  0.970682
2.407  89.97  3.1419  0.954561
2.407  89.97  3.10822  0.940574
2.407  89.97  3.07454  0.926699
2.407  89.97  3.03604  0.910975
2.407  89.97  3.00236  0.897332
2.407  89.97  2.96387  0.881871
2.407  89.97  2.93019  0.868455
2.407  89.97  2.8917  0.853251
2.837  44.99  2.70606  1.19374
2.837  44.99  2.68778  1.17498
2.837  44.99  2.66951  1.15656
2.837  44.99  2.64958  1.13683
2.837  44.99  2.6313  1.11908
2.837  44.99  2.61303  1.10164
2.837  44.99  2.5931  1.08295
2.837  44.99  2.57482  1.06613
2.837  44.99  2.55655  1.04959
2.837  44.99  2.53662  1.03187
2.837  44.99  2.51834  1.01591
2.837  44.99  2.50007  1.00021
2.837  44.99  2.4818  0.984762
2.837  44.99  2.46186  0.968202
2.837  44.99  2.44359  0.953276
2.837  44.99  2.42532  0.93859
2.837  44.99  2.40538  0.922833
2.837  44.99  2.38711  0.908627
2.837  44.99  2.36884  0.894642
2.837  44.99  2.3489  0.879633
2.837  44.99  2.33063  0.866095
2.837  44.99  2.31236  0.852763
2.837  44.99  2.29242  0.838449
2.837  44.99  2.27415  0.825533
2.837  44.99  2.25588  0.812809
2.837  44.99  2.2376  0.800273
2.837  44.99  2.21767  0.786807
2.837  61.21  3.49732  1.13089
2.837  61.21  3.46791  1.11461
2.837  61.21  3.43555  1.09694
2.837  61.21  3.40614  1.08107
2.837  61.21  3.37672  1.06539
2.837  61.21  3.34437  1.04835
2.837  61.21  3.31495  1.03305
2.837  61.21  3.28554  1.01793
2.837  61.21  3.25319  1.0015
2.837  61.21  3.22377  0.986749
2.837  61.21  3.19142  0.970712
2.837  61.21  3.162  0.956307
2.837  61.21  3.13259  0.942065
2.837  61.21  3.10023  0.926583
2.837  61.21  3.07082  0.912673
2.837  61.21  3.04141  0.898917
2.837  61.21  3.00905  0.883961
2.837  61.21  2.97964  0.870522
2.837  61.21  2.94728  0.855907
2.837  61.21  2.91787  0.842772
2.837  61.21  2.88845  0.829779
2.837  89.97  4.37803  1.1298
2.837  89.97  4.34401  1.11777
2.837  89.97  4.30431  1.10382
2.837  89.97  4.26461  1.08997
2.837  89.97  4.23059  1.07817
2.837  89.97  4.19089  1.06449
2.837  89.97  4.15686  1.05284
2.837  89.97  4.11717  1.03933
2.837  89.97  4.07747  1.0259
2.837  89.97  4.04344  1.01447
2.837  89.97  4.00375  1.00121
2.837  89.97  3.96405  0.988036
2.837  89.97  3.93002  0.976813
2.837  89.97  3.89033  0.9638
2.837  89.97  3.8563  0.952713
2.837  89.97  3.8166  0.939855
2.837  89.97  3.77691  0.927081
2.837  89.97  3.74288  0.916197
2.837  89.97  3.70318  0.903574
2.837  89.97  3.66348  0.891032
2.837  89.97  3.62946  0.880345
2.837  89.97  3.58976  0.867951
2.837  89.97  3.55574  0.85739
3.188  47.68  3.23525  1.05446
3.188  47.68  3.214  1.04104
3.188  47.68  3.18942  1.02572
3.188  47.68  3.16505  1.01075
3.188  47.68  3.14046  0.995856
3.188  47.68  3.11588  0.981171
3.188  47.68  3.09151  0.966812
3.188  47.68  3.06693  0.952528
3.188  47.68  3.04255  0.938558
3.188  47.68  3.01797  0.924659
3.188  47.68  2.9936  0.911063
3.188  47.68  2.96901  0.897533
3.188  47.68  2.94464  0.884296
3.188  47.68  2.92006  0.871121
4.045  15  1.0034  1.32027
4.045  15  0.999268  1.26787
4.045  15  0.995133  1.21908
4.045  15  0.990998  1.17355
4.045  15  0.986863  1.13095
4.045  15  0.982728  1.09102
4.045  15  0.978593  1.05351
4.045  15  0.974458  1.0182
4.045  15  0.970323  0.984914
4.045  15  0.966189  0.953475
4.045  15  0.962054  0.923735
4.045  15  0.957919  0.895561
4.045  15  0.953784  0.868831
4.045  15  0.949649  0.843438
4.045  15  0.945514  0.819283
4.045  15  0.941379  0.796279
4.045  15  0.937244  0.774345
4.045  15  0.933109  0.753407
4.045  15  0.928974  0.733401
4.045  15  0.92484  0.714264
4.045  15  0.920705  0.695941
4.045  15  0.91657  0.678382
4.045  15  0.912435  0.661539
4.045  15  0.9083  0.645371
4.045  15  0.904165  0.629836
4.045  15  0.90003  0.614899
4.045  15  0.895895  0.600525
4.045  15  0.89176  0.586684
4.045  15  0.887625  0.573346
4.045  15  0.883491  0.560485
4.045  15  0.879356  0.548075
4.045  15  0.875221  0.536092
4.045  15  0.871086  0.524516
4.045  15  0.866951  0.513326
4.045  15  0.862816  0.502503
4.045  15  0.858681  0.492028
4.045  15  0.854546  0.481887
4.045  15  0.850411  0.472062
4.045  15  0.846276  0.46254
4.045  15  0.842141  0.453306
4.045  15  0.838007  0.444347
4.045  15  0.833872  0.435653
4.045  15  0.829737  0.42721
4.045  15  0.825602  0.419008
4.045  15  0.821467  0.411038
4.045  15  0.817332  0.403289
4.045  15  0.813197  0.395752
4.045  15  0.809062  0.388419
4.045  15  0.804927  0.381281
4.045  15  0.800792  0.374332
4.045  15  0.796658  0.367562
4.045  15  0.792523  0.360967
4.045  15  0.788388  0.354538
4.045  23  2.20589  1.91139
4.045  23  2.19624  1.85772
4.045  23  2.18659  1.80655
4.045  23  2.17695  1.7577
4.045  23  2.1673  1.71103
4.045  23  2.15765  1.66638
4.045  23  2.14801  1.62363
4.045  23  2.13836  1.58267
4.045  23  2.12871  1.54337
4.045  23  2.11907  1.50565
4.045  23  2.10942  1.46941
4.045  23  2.09977  1.43456
4.045  23  2.09013  1.40103
4.045  23  2.08048  1.36874
4.045  23  2.07083  1.33762
4.045  23  2.06119  1.30761
4.045  23  2.05154  1.27866
4.045  23  2.04189  1.2507
4.045  23  2.03225  1.2237
4.045  23  2.0226  1.19759
4.045  23  2.01295  1.17234
4.045  23  2.00331  1.1479
4.045  23  1.99366  1.12424
4.045  23  1.98401  1.10132
4.045  23  1.97437  1.07911
4.045  23  1.96472  1.05756
4.045  23  1.95507  1.03666
4.045  23  1.94543  1.01638
4.045  23  1.93578  0.996682
4.045  23  1.92613  0.977548
4.045  23  1.91648  0.958952
4.045  23  1.90684  0.940874
4.045  23  1.89719  0.92329
4.045  23  1.88754  0.906182
4.045  23  1.8779  0.88953
4.045  23  1.86825  0.873317
4.045  23  1.8586  0.857524
4.045  23  1.84896  0.842136
4.045  23  1.83931  0.827138
4.045  23  1.82966  0.812515
4.045  23  1.82002  0.798253
4.045  23  1.81037  0.784339
4.045  23  1.80072  0.77076
4.045  23  1.79108  0.757504
4.045  23  1.78143  0.74456
4.045  23  1.77178  0.731918
4.045  23  1.76214  0.719566
4.045  23  1.75249  0.707494
4.045  23  1.74284  0.695694
4.045  23  1.7332  0.684156
4.045  23  1.72355  0.672872
4.045  23  1.7139  0.661833
4.045  23  1.70426  0.651032
4.045  23  1.69461  0.64046
4.045  23  1.68496  0.630111
4.045  23  1.67532  0.619977
4.045  23  1.66567  0.610052
4.045  23  1.65602  0.60033
4.045  23  1.64638  0.590805
4.045  23  1.63673  0.581469
4.045  23  1.62708  0.572319
4.045  23  1.61744  0.563348
4.045  23  1.60779  0.554552
4.045  23  1.59814  0.545924
4.045  23  1.5885  0.537461
4.045  30  3.37621  1.93458
4.045  30  3.35995  1.89471
4.045  30  3.34369  1.85608
4.045  30  3.32743  1.81864
4.045  30  3.31118  1.78233
4.045  30  3.29492  1.74711
4.045  30  3.27866  1.71292
4.045  30  3.2624  1.67973
4.045  30  3.24614  1.64748
4.045  30  3.22989  1.61614
4.045  30  3.21363  1.58567
4.045  30  3.19737  1.55604
4.045  30  3.18111  1.52721
4.045  30  3.16486  1.49914
4.045  30  3.1486  1.47182
4.045  30  3.13234  1.4452
4.045  30  3.11608  1.41927
4.045  30  3.09982  1.39399
4.045  30  3.08357  1.36935
4.045  30  3.06731  1.34531
4.045  30  3.05105  1.32186
4.045  30  3.03479  1.29898
4.045  30  3.01853  1.27664
4.045  30  3.00228  1.25482
4.045  30  2.98602  1.23351
4.045  30  2.96976  1.2127
4.045  30  2.9535  1.19235
4.045  30  2.93725  1.17247
4.045  30  2.92099  1.15302
4.045  30  2.90473  1.134
4.045  30  2.88847  1.1154
4.045  30  2.87221  1.0972
4.045  30  2.85596  1.07938
4.045  30  2.8397  1.06194
4.045  30  2.82344  1.04486
4.045  30  2.80718  1.02813
4.045  30  2.79093  1.01175
4.045  30  2.77467  0.995694
4.045  30  2.75841  0.979961
4.045  30  2.74215  0.96454
4.045  30  2.72589  0.949421
4.045  30  2.70964  0.934596
4.045  30  2.69338  0.920055
4.045  30  2.67712  0.905792
4.045  30  2.66086  0.891798
4.045  30  2.6446  0.878066
4.045  30  2.62835  0.864588
4.045  30  2.61209  0.851357
4.045  30  2.59583  0.838366
4.045  30  2.57957  0.82561
4.045  30  2.56332  0.813082
4.045  30  2.54706  0.800775
4.045  30  2.5308  0.788684
4.045  30  2.51454  0.776803
4.045  30  2.49828  0.765128
4.045  30  2.48203  0.753652
4.045  30  2.46577  0.74237
4.045  30  2.44951  0.731278
4.045  30  2.43325  0.720371
4.045  30  2.417  0.709644
4.045  30  2.40074  0.699093
4.045  30  2.38448  0.688713
4.045  30  2.36822  0.678501
4.045  30  2.35196  0.668453
4.045  30  2.33571  0.658564
4.045  30  2.31945  0.64883
4.045  30  2.30319  0.639249
4.045  30  2.28693  0.629816
4.045  30  2.27068  0.620528
4.045  30  2.25442  0.611383
4.045  30  2.23816  0.602375
4.045  30  2.2219  0.593503
4.045  30  2.20564  0.584764
4.045  30  2.18939  0.576154
4.045  30  2.17313  0.567671
4.045  30  2.15687  0.559311
4.045  30  2.14061  0.551073
4.045  30  2.12435  0.542953
4.045  30  2.1081  0.534949
4.045  30  2.09184  0.527059
4.045  30  2.07558  0.51928
4.045  30  2.05932  0.511609
4.045  30  2.04307  0.504046
4.045  30  2.02681  0.496586
4.045  30  2.01055  0.489229
4.045  30  1.99429  0.481972
4.045  30  1.97803  0.474812
4.045  30  1.96178  0.467749
4.045  30  1.94552  0.460781
4.045  30  1.92926  0.453904
4.045  30  1.913  0.447118
4.045  30  1.89675  0.440421
4.045  30  1.88049  0.43381
4.045  30  1.86423  0.427285
4.045  30  1.84797  0.420844
4.045  30  1.83171  0.414484
4.045  30  1.81546  0.408205
4.045  30  1.7992  0.402005
4.045  30  1.78294  0.395883
4.045  30  1.76668  0.389837
4.045  30  1.75042  0.383865
4.045  30  1.73417  0.377967
4.045  30  1.71791  0.37214
4.045  30  1.70165  0.366384
4.045  30  1.68539  0.360698
4.045  30  1.66914  0.355079
4.045  37  4.56131  1.95237
4.045  37  4.53687  1.91879
4.045  37  4.51244  1.886
4.045  37  4.488  1.85398
4.045  37  4.46357  1.82269
4.045  37  4.43913  1.79211
4.045  37  4.41469  1.76222
4.045  37  4.39026  1.733
4.045  37  4.36582  1.70441
4.045  37  4.34139  1.67645
4.045  37  4.31695  1.64909
4.045  37  4.29252  1.62231
4.045  37  4.26808  1.5961
4.045  37  4.24365  1.57043
4.045  37  4.21921  1.54529
4.045  37  4.19477  1.52066
4.045  37  4.17034  1.49653
4.045  37  4.1459  1.47289
4.045  37  4.12147  1.44971
4.045  37  4.09703  1.42698
4.045  37  4.0726  1.4047
4.045  37  4.04816  1.38285
4.045  37  4.02373  1.36141
4.045  37  3.99929  1.34038
4.045  37  3.97485  1.31974
4.045  37  3.95042  1.29948
4.045  37  3.92598  1.27959
4.045  37  3.90155  1.26007
4.045  37  3.87711  1.2409
4.045  37  3.85268  1.22207
4.045  37  3.82824  1.20357
4.045  37  3.80381  1.1854
4.045  37  3.77937  1.16754
4.045  37  3.75493  1.14999
4.045  37  3.7305  1.13274
4.045  37  3.70606  1.11579
4.045  37  3.68163  1.09911
4.045  37  3.65719  1.08272
4.045  37  3.63276  1.0666
4.045  37  3.60832  1.05074
4.045  37  3.58389  1.03514
4.045  37  3.55945  1.01979
4.045  37  3.53501  1.00469
4.045  37  3.51058  0.989824
4.045  37  3.48614  0.975195
4.045  37  3.46171  0.960794
4.045  37  3.43727  0.946617
4.045  45  5.56834  1.75064
4.045  45  5.5328  1.72421
4.045  45  5.49725  1.69824
4.045  45  5.46171  1.67271
4.045  45  5.42617  1.64762
4.045  45  5.39063  1.62296
4.045  45  5.35508  1.59871
4.045  45  5.31954  1.57486
4.045  45  5.284  1.55141
4.045  45  5.24846  1.52835
4.045  45  5.21291  1.50565
4.045  45  5.17737  1.48333
4.045  45  5.14183  1.46136
4.045  45  5.10629  1.43974
4.045  45  5.07074  1.41846
4.045  45  5.0352  1.39752
4.045  45  4.99966  1.37689
4.045  45  4.96412  1.35659
4.045  45  4.92857  1.3366
4.045  45  4.89303  1.3169
4.045  45  4.85749  1.29751
4.045  45  4.82194  1.2784
4.045  45  4.7864  1.25958
4.045  45  4.75086  1.24103
4.045  45  4.71532  1.22276
4.045  45  4.67977  1.20475
4.045  45  4.64423  1.187
4.045  45  4.60869  1.1695
4.045  45  4.57315  1.15225
4.045  45  4.5376  1.13524
4.045  45  4.50206  1.11847
4.045  45  4.46652  1.10194
4.045  45  4.43098  1.08563
4.045  45  4.39543  1.06954
4.045  45  4.35989  1.05368
4.045  45  4.32435  1.03803
4.045  45  4.28881  1.02259
4.045  45  4.25326  1.00735
4.045  45  4.21772  0.992318
4.045  45  4.18218  0.977482
4.045  45  4.14664  0.962841
4.045  45  4.11109  0.948389
4.045  45  4.07555  0.934124
4.045  45  4.04001  0.920042
4.045  45  4.00447  0.906139
4.045  45  3.96892  0.892412
4.045  45  3.93338  0.878858
4.045  45  3.89784  0.865473
4.045  45  3.8623  0.852255
4.045  45  3.82675  0.8392
4.045  45  3.79121  0.826305
4.045  45  3.75567  0.813567
4.045  45  3.72012  0.800983
4.045  45  3.68458  0.788552
4.045  45  3.64904  0.776269
4.045  55  3.44977  0.603731
4.045  55  3.50151  0.615821
4.045  55  3.55326  0.628031
4.045  55  3.60501  0.640363
4.045  55  3.65675  0.652819
4.045  55  3.7085  0.6654
4.045  55  3.76025  0.67811
4.045  55  3.81199  0.690949
4.045  55  3.86374  0.70392
4.045  55  3.91549  0.717024
4.045  55  3.96723  0.730265
4.045  55  4.01898  0.743643
4.045  55  4.07072  0.757161
4.045  55  4.12247  0.770822
4.045  55  4.17422  0.784627
4.045  55  4.22596  0.798579
4.045  55  4.27771  0.81268
4.045  55  4.32946  0.826933
4.045  55  4.3812  0.84134
4.045  55  4.43295  0.855904
4.045  55  4.4847  0.870627
4.045  55  4.53644  0.885511
4.045  55  4.58819  0.90056
4.045  55  4.63994  0.915776
4.045  55  4.69168  0.931163
4.045  55  4.74343  0.946722
4.045  55  4.79518  0.962457
4.045  55  4.84692  0.978371
4.045  55  4.89867  0.994466
4.045  55  4.95042  1.01075
4.045  55  5.00216  1.02722
4.045  55  5.05391  1.04388
4.045  55  5.10565  1.06073
4.045  55  5.1574  1.07778
4.045  55  5.20915  1.09504
4.045  55  5.26089  1.1125
4.045  55  5.31264  1.13017
4.045  55  5.36439  1.14805
4.045  55  5.41613  1.16615
4.045  55  5.46788  1.18447
4.045  55  5.51963  1.20302
4.045  55  5.57137  1.22179
4.045  55  5.62312  1.2408
4.045  55  5.67487  1.26004
4.045  55  5.72661  1.27953
4.045  55  5.77836  1.29926
4.045  55  5.83011  1.31925
4.045  55  5.88185  1.33949
4.045  55  5.9336  1.35999
4.045  55  5.98535  1.38076
4.045  55  6.03709  1.4018
4.045  55  6.08884  1.42312
4.045  55  6.14058  1.44472
4.045  55  6.19233  1.4666
4.045  55  6.24408  1.48879
4.045  55  6.29582  1.51127
4.045  55  6.34757  1.53405
4.045  55  6.39932  1.55715
4.045  55  6.45106  1.58057
4.045  55  6.50281  1.60431
4.212  53.39  5.2819  1.05871
4.212  53.39  5.24688  1.04764
4.212  53.39  5.20676  1.03505
4.212  53.39  5.16698  1.02268
4.212  53.39  5.12685  1.01031
4.212  53.39  5.08707  0.998149
4.212  53.39  5.04695  0.985992
4.212  53.39  5.00683  0.973941
4.212  53.39  4.96704  0.962093
4.212  53.39  4.92692  0.950246
4.212  53.39  4.88714  0.938598
4.212  53.39  4.84702  0.926951
4.212  53.39  4.80723  0.915499
4.212  53.39  4.76711  0.904045
5.12  56.64  7.15647  1.06906
5.12  56.64  7.10899  1.05891
5.12  56.64  7.05507  1.04745
5.12  56.64  7.00068  1.03597
5.12  56.64  6.94676  1.02466
5.12  56.64  6.89237  1.01333
5.12  56.64  6.83844  1.00216
5.12  56.64  6.78406  0.990978
5.12  56.64  6.73013  0.979958
5.12  56.64  6.67574  0.968915
5.12  56.64  6.62182  0.958035
5.12  56.64  6.56743  0.947132
5.12  56.64  6.5135  0.93639
5.12  56.64  6.45912  0.925625
5.507  15.15  1.84008  1.40081
5.507  15.15  1.83511  1.37155
5.507  15.15  1.82975  1.34121
5.507  15.15  1.82477  1.31407
5.507  15.15  1.81979  1.28786
5.507  15.15  1.81482  1.26254
5.507  15.15  1.80946  1.23622
5.507  15.15  1.80448  1.21261
5.507  15.15  1.79951  1.18976
5.507  15.15  1.79415  1.16597
5.507  15.15  1.78917  1.14459
5.507  15.15  1.7842  1.12386
5.507  15.15  1.77922  1.10377
5.507  15.15  1.77386  1.0828
5.507  15.15  1.76888  1.06391
5.507  15.15  1.76391  1.04558
5.507  15.15  1.75855  1.02642
5.507  15.15  1.75357  1.00915
5.507  15.15  1.7486  0.99235
5.507  15.15  1.74362  0.976014
5.507  15.15  1.73826  0.958912
5.507  15.15  1.73328  0.94347
5.507  15.15  1.72831  0.928433
5.507  15.15  1.72333  0.913785
5.507  15.15  1.71797  0.898428
5.507  15.15  1.713  0.884541
5.507  15.15  1.70802  0.870999
5.507  15.15  1.70266  0.856788
5.507  15.15  1.69768  0.843924
5.507  15.15  1.69271  0.831368
5.507  15.15  1.68773  0.81911
5.507  15.15  1.68237  0.806229
5.507  15.15  1.6774  0.794556
5.507  15.15  1.67242  0.783149
5.507  15.15  1.66706  0.771152
5.507  15.15  1.66208  0.760271
5.507  15.15  1.65711  0.74963
5.507  15.15  1.65213  0.739221
5.507  15.15  1.64677  0.728262
5.507  15.15  1.6418  0.718312
5.507  15.15  1.63682  0.708572
5.507  15.15  1.63146  0.698311
5.507  15.15  1.62648  0.688986
5.507  15.15  1.62151  0.679853
5.507  15.15  1.61653  0.670904
5.507  15.15  1.61117  0.661468
5.507  15.15  1.6062  0.652886
5.507  18.98  2.69344  1.42251
5.507  18.98  2.68385  1.39533
5.507  18.98  2.67427  1.36898
5.507  18.98  2.66469  1.34342
5.507  18.98  2.65451  1.31711
5.507  18.98  2.64493  1.29309
5.507  18.98  2.63535  1.26977
5.507  18.98  2.62577  1.24711
5.507  18.98  2.61619  1.22509
5.507  18.98  2.60661  1.20368
5.507  18.98  2.59643  1.18157
5.507  18.98  2.58685  1.16135
5.507  18.98  2.57727  1.14166
5.507  18.98  2.56769  1.12248
5.507  18.98  2.55811  1.10381
5.507  18.98  2.54852  1.08561
5.507  18.98  2.53894  1.06787
5.507  18.98  2.52876  1.0495
5.507  18.98  2.51918  1.03266
5.507  18.98  2.5096  1.01623
5.507  18.98  2.50002  1.00019
5.507  18.98  2.49044  0.984526
5.507  18.98  2.48086  0.969235
5.507  18.98  2.47068  0.953375
5.507  18.98  2.4611  0.938802
5.507  18.98  2.45152  0.924558
5.507  18.98  2.44194  0.910633
5.507  18.98  2.43236  0.897017
5.507  18.98  2.42277  0.883698
5.507  18.98  2.41259  0.869864
5.507  18.98  2.40301  0.85713
5.507  18.98  2.39343  0.844667
5.507  18.98  2.38385  0.832465
5.507  18.98  2.37427  0.820516
5.507  18.98  2.36469  0.808813
5.507  18.98  2.35451  0.796639
5.507  18.98  2.34493  0.785418
5.507  18.98  2.33535  0.774421
5.507  18.98  2.32577  0.763641
5.507  18.98  2.31619  0.753071
5.507  18.98  2.30661  0.742706
5.507  18.98  2.29703  0.732539
5.507  22.8  3.39162  1.15414
5.507  22.8  3.37613  1.13581
5.507  22.8  3.36064  1.11789
5.507  22.8  3.34515  1.10038
5.507  22.8  3.3288  1.08231
5.507  22.8  3.31331  1.06557
5.507  22.8  3.29782  1.04919
5.507  22.8  3.28233  1.03316
5.507  22.8  3.26597  1.0166
5.507  22.8  3.25048  1.00125
5.507  22.8  3.23499  0.986218
5.507  22.8  3.21864  0.970683
5.507  22.8  3.20315  0.95627
5.507  22.8  3.18766  0.942144
5.507  22.8  3.17217  0.928298
5.507  22.8  3.15582  0.913977
5.507  22.8  3.14033  0.90068
5.507  22.8  3.12484  0.887637
5.507  22.8  3.10935  0.874843
5.507  22.8  3.09299  0.861599
5.507  22.8  3.0775  0.849293
5.507  22.8  3.06201  0.837214
5.507  22.8  3.04652  0.825356
5.507  22.8  3.03017  0.813072
5.507  22.8  3.01468  0.80165
5.507  22.8  2.99919  0.790431
5.507  22.8  2.9837  0.77941
5.507  26.82  4.17521  1.12201
5.507  26.82  4.15626  1.10798
5.507  26.82  4.13612  1.09331
5.507  26.82  4.11716  1.07973
5.507  26.82  4.0982  1.06636
5.507  26.82  4.07806  1.05239
5.507  26.82  4.0591  1.03944
5.507  26.82  4.04015  1.02669
5.507  26.82  4.02001  1.01336
5.507  26.82  4.00105  1.001
5.507  26.82  3.98209  0.988833
5.507  26.82  3.96195  0.976099
5.507  26.82  3.94299  0.964295
5.507  26.82  3.92404  0.952664
5.507  26.82  3.9039  0.94049
5.507  26.82  3.88494  0.929202
5.507  26.82  3.86598  0.918075
5.507  26.82  3.84584  0.906425
5.507  26.82  3.82688  0.895619
5.507  26.82  3.80793  0.884965
5.507  26.82  3.78779  0.873805
5.507  26.82  3.76883  0.863452
5.507  26.82  3.74987  0.853239
5.507  26.82  3.72973  0.842541
5.507  26.82  3.71077  0.832611
5.507  26.82  3.69182  0.822814
5.507  26.82  3.67168  0.812548
5.766  18  1.95057  0.449957
5.766  18  2.00594  0.483251
5.766  18  2.05696  0.516658
5.766  18  2.10381  0.549939
5.766  18  2.14715  0.583243
5.766  18  2.18745  0.616632
5.766  18  2.22482  0.649924
5.766  18  2.2597  0.683262
5.766  18  2.29232  0.716628
5.766  18  2.3228  0.749913
5.766  18  2.35141  0.783209
5.766  18  2.37845  0.816664
5.766  18  2.40379  0.849955
5.766  18  2.42772  0.883267
5.766  18  2.45036  0.916595
5.766  18  2.4718  0.949958
5.766  18  2.49207  0.9832
5.766  18  2.51143  1.01666
5.766  18  2.52971  1.0499
5.766  18  2.54715  1.08321
5.766  18  2.5638  1.11657
5.766  18  2.57966  1.14989
5.766  18  2.59479  1.18315
5.766  18  2.60935  1.21665
5.766  18  2.62318  1.24989
5.766  18  2.63644  1.28317
5.766  18  2.6492  1.31656
5.766  18  2.66145  1.34996
5.766  18  2.67313  1.38314
5.766  18  2.68448  1.41666
5.766  18  2.6953  1.44989
5.766  18  2.70573  1.48319
5.766  18  2.71581  1.51658
5.766  18  2.7255  1.54988
5.766  18  2.73485  1.58317
5.766  18  2.7439  1.61658
5.766  18  2.75262  1.64988
5.766  18  2.76104  1.68317
5.766  18  2.76921  1.71656
5.766  18  2.77709  1.74986
5.766  18  2.78471  1.78315
5.766  18  2.79212  1.81656
5.766  18  2.79928  1.84985
5.766  18  2.80622  1.88316
5.766  18  2.81297  1.91656
5.766  18  2.8195  1.94985
5.766  18  2.82584  1.98314
5.766  22  2.33458  0.416667
5.766  22  2.42762  0.44997
5.766  22  2.51394  0.48325
5.766  22  2.59464  0.516673
5.766  22  2.66962  0.549957
5.766  22  2.73982  0.583268
5.766  22  2.80574  0.616639
5.766  22  2.86755  0.649951
5.766  22  2.92565  0.683231
5.766  22  2.98066  0.716646
5.766  22  3.03238  0.749926
5.766  22  3.08134  0.783223
5.766  22  3.12786  0.816627
5.766  22  3.17186  0.849935
5.766  22  3.21368  0.883259
5.766  22  3.25348  0.916606
5.766  22  3.29135  0.949925
5.766  22  3.32746  0.983245
5.766  22  3.36197  1.01661
5.766  22  3.39489  1.04992
5.766  22  3.42638  1.08323
5.766  22  3.45661  1.11664
5.766  22  3.48549  1.14995
5.766  22  3.51312  1.18316
5.766  22  3.53982  1.21661
5.766  22  3.56535  1.24989
5.766  22  3.58995  1.28325
5.766  22  3.61363  1.31662
5.766  22  3.63639  1.34992
5.766  22  3.65831  1.38321
5.766  22  3.67947  1.41653
5.766  22  3.69987  1.44984
5.766  22  3.71961  1.48321
5.766  22  3.73867  1.51657
5.766  22  3.75706  1.54986
5.766  22  3.77486  1.58319
5.766  22  3.79216  1.61666
5.766  22  3.80878  1.64988
5.766  22  3.82491  1.68313
5.766  22  3.84061  1.71655
5.766  22  3.85581  1.7499
5.766  22  3.8705  1.78315
5.766  22  3.88486  1.81662
5.766  22  3.89872  1.84988
5.766  22  3.91215  1.88309
5.766  22  3.92534  1.91661
5.766  22  3.93802  1.94978
5.766  22  3.95044  1.9832
5.766  22  3.96253  2.01663
5.766  22  3.97421  2.04978
5.766  22  3.98563  2.08309
5.766  26  3.5228  0.683243
5.766  26  3.60286  0.716664
5.766  26  3.67872  0.74995
5.766  26  3.75097  0.783225
5.766  26  3.82017  0.816652
5.766  26  3.886  0.849954
5.766  26  3.94891  0.883253
5.766  26  4.00925  0.91664
5.766  26  4.0669  0.949956
5.766  26  4.12211  0.983236
5.766  26  4.17521  1.01661
5.766  26  4.22609  1.04991
5.766  26  4.275  1.08322
5.766  26  4.32215  1.11662
5.766  26  4.36743  1.14995
5.766  26  4.41096  1.18322
5.766  26  4.4531  1.21663
5.766  26  4.4936  1.24993
5.766  26  4.53269  1.28324
5.766  26  4.57051  1.31661
5.766  26  4.60692  1.34987
5.766  26  4.64217  1.38316
5.766  26  4.67636  1.41656
5.766  26  4.70939  1.44989
5.766  26  4.74137  1.48321
5.766  26  4.77242  1.51661
5.766  26  4.80241  1.54989
5.766  26  4.83147  1.58314
5.766  26  4.85983  1.61659
5.766  26  4.88726  1.64992
5.766  26  4.91387  1.68321
5.766  26  4.93978  1.71658
5.766  26  4.96487  1.74984
5.766  26  4.98938  1.78324
5.766  26  5.01319  1.81661
5.766  26  5.0363  1.84989
5.766  26  5.05883  1.88321
5.766  26  5.08077  1.91655
5.766  26  5.10213  1.94987
5.766  26  5.1229  1.98312
5.766  26  5.14321  2.01647
5.766  26  5.16305  2.04989
5.766  26  5.18231  2.08314
5.766  32  3.74504  0.549964
5.766  32  3.88452  0.583241
5.766  32  4.01857  0.61666
5.766  32  4.14649  0.649952
5.766  32  4.26915  0.683247
5.766  32  4.38726  0.716655
5.766  32  4.50028  0.749945
5.766  32  4.60892  0.783236
5.766  32  4.71371  0.816616
5.766  32  4.81447  0.84996
5.766  32  4.91137  0.883249
5.766  32  5.00512  0.916659
5.766  32  5.09519  0.949935
5.766  32  5.1821  0.9832
5.766  32  5.26639  1.0166
5.766  32  5.3477  1.04994
5.766  32  5.4262  1.08324
5.766  32  5.50243  1.11665
5.766  32  5.57585  1.1499
5.766  32  5.64717  1.18324
5.766  32  5.71638  1.21664
5.766  32  5.78315  1.24987
5.766  32  5.84816  1.28323
5.766  32  5.91124  1.31659
5.766  32  5.9724  1.3499
5.766  32  6.0318  1.38321
5.766  32  6.08963  1.41659
5.766  32  6.1457  1.44989
5.766  32  6.2002  1.48317
5.766  32  6.25347  1.51661
5.766  32  6.30498  1.54984
5.766  32  6.35528  1.58316
5.766  32  6.40434  1.61654
5.766  32  6.452  1.64983
5.766  32  6.49861  1.68323
5.766  32  6.544  1.71659
5.766  32  6.58816  1.74988
5.766  32  6.63126  1.7832
5.766  32  6.75445  1.88313
5.766  32  6.7937  1.91653
5.766  40  2.80805  0.316684
5.766  40  3.04547  0.349978
5.766  40  3.27426  0.383278
5.766  40  3.4955  0.416681
5.766  40  3.7081  0.449956
5.766  40  3.91341  0.483243
5.766  40  4.11252  0.516666
5.766  40  4.30408  0.549937
5.766  40  4.4897  0.583275
5.766  40  4.66939  0.616631
5.766  40  4.84314  0.649948
5.766  40  5.01122  0.683225
5.766  40  5.17472  0.716626
5.766  40  5.33282  0.749942
5.766  40  5.48606  0.783232
5.766  40  5.63526  0.816632
5.766  40  5.7796  0.849914
5.766  40  5.9199  0.883219
5.766  40  6.05669  0.916638
5.766  40  6.18916  0.949933
5.766  40  6.31785  0.983193
5.766  40  6.44357  1.01659
5.766  40  6.56579  1.04996
5.766  40  6.6845  1.08324
5.766  40  6.80052  1.11664
5.766  40  6.91302  1.14989
5.766  40  7.02283  1.18319
5.766  40  7.13021  1.21659
5.766  40  7.23462  1.24989
5.766  40  7.3366  1.28324
5.766  40  7.43616  1.3166
5.766  40  7.53329  1.34994
5.766  40  7.62799  1.38323
5.766  40  7.72053  1.41655
5.766  40  7.81091  1.44986
5.766  40  7.8994  1.48323
5.766  40  7.98574  1.51654
5.766  40  8.07018  1.54986
5.766  40  8.15274  1.58318
5.766  40  8.23368  1.61657
5.766  40  8.31273  1.6499
5.766  40  8.38989  1.68314
5.766  40  8.46571  1.71651
5.766  50  3.26625  0.349996
5.766  50  3.53071  0.383283
5.766  50  3.789  0.416643
5.766  50  4.04028  0.449938
5.766  50  4.28538  0.483242
5.766  50  4.52513  0.51664
5.766  50  4.75829  0.549929
5.766  50  4.98609  0.583251
5.766  50  5.20895  0.616643
5.766  50  5.42604  0.649952
5.766  50  5.63819  0.683273
5.766  50  5.8458  0.716648
5.766  50  6.04806  0.749914
5.766  50  6.24621  0.783248
5.766  50  6.44023  0.816628
5.766  50  6.62972  0.849959
5.766  50  6.81468  0.883213
5.766  50  6.99676  0.916664
5.766  50  7.17389  0.949913
5.766  50  7.34773  0.983242
5.766  50  7.51827  1.01663
5.766  50  7.68469  1.0499
5.766  50  7.84782  1.08318
5.766  50  8.00847  1.11664
5.766  50  8.16501  1.1499
5.766  50  8.31866  1.1832
5.766  50  8.46984  1.21662
5.766  50  8.61732  1.24986
5.766  50  8.76232  1.28319
5.766  50  8.90485  1.31658
5.766  50  9.0445  1.34992
5.766  50  9.18126  1.3832
5.766  50  9.31596  1.41659
5.766  50  9.44778  1.44987
5.766  50  9.57754  1.48324
5.766  50  9.70483  1.51657
6.519  8  0.801659  2.12537
6.519  8  0.800771  2.05157
6.519  8  0.800009  1.99215
6.519  8  0.799248  1.93598
6.519  8  0.798487  1.88278
6.519  8  0.797599  1.82419
6.519  8  0.796837  1.7767
6.519  8  0.796076  1.73153
6.519  8  0.795188  1.68155
6.519  8  0.794426  1.64087
6.519  8  0.793665  1.60204
6.519  8  0.792777  1.55892
6.519  8  0.792016  1.52369
6.519  8  0.791254  1.48995
6.519  8  0.790366  1.45235
6.519  8  0.789605  1.42154
6.519  8  0.788844  1.39195
6.519  8  0.788082  1.36352
6.519  8  0.787194  1.33172
6.519  8  0.786433  1.30556
6.519  8  0.785671  1.28037
7.302  8  1.00085  2.05133
7.302  8  0.99985  1.99556
7.302  8  0.998855  1.94264
7.302  8  0.99786  1.89236
7.302  8  0.996866  1.84453
7.302  8  0.995871  1.79896
7.302  8  0.994876  1.75551
7.302  8  0.993881  1.71403
7.302  8  0.992886  1.67438
7.302  8  0.991891  1.63645
7.302  8  0.990896  1.60013
7.302  8  0.989901  1.56532
7.302  8  0.988907  1.53193
7.302  8  0.987912  1.49987
7.302  8  0.986775  1.46475
7.302  8  0.985922  1.43943
7.302  8  0.984785  1.40693
7.302  8  0.98379  1.37962
7.302  8  0.982795  1.3533
8.981  8  1.50245  2.07421
8.981  8  1.50088  2.02483
8.981  8  1.49948  1.98279
8.981  8  1.4979  1.93744
8.981  8  1.49633  1.89403
8.981  8  1.49493  1.85697
8.981  8  1.49336  1.8169
8.981  8  1.49196  1.78264
8.981  8  1.49039  1.74554
8.981  8  1.48899  1.71377
8.981  8  1.48742  1.67931
8.981  8  1.48584  1.64615
8.981  8  1.48444  1.61769
8.981  8  1.48287  1.58677
8.981  8  1.48147  1.56021
8.981  8  1.4799  1.53132
8.981  8  1.4785  1.50647
8.981  8  1.47693  1.47941
8.981  8  1.47535  1.45325
8.981  8  1.47396  1.43072
8.981  8  1.47238  1.40614
9.718  8  1.75436  2.11036
9.718  8  1.75266  2.06634
9.718  8  1.75096  2.02403
9.718  8  1.74926  1.98334
9.718  8  1.74756  1.94418
9.718  8  1.74566  1.90236
9.718  8  1.74396  1.86616
9.718  8  1.74226  1.83124
9.718  8  1.74037  1.79387
9.718  8  1.73867  1.76145
9.718  8  1.73696  1.73013
9.718  8  1.73526  1.69984
9.718  8  1.73337  1.66733
9.718  8  1.73167  1.63907
9.718  8  1.72996  1.61169
9.718  8  1.72826  1.58517
9.718  8  1.72637  1.55664
9.718  8  1.72467  1.53178
9.718  8  1.72297  1.50765
9.718  8  1.72126  1.48423
9.718  8  1.71937  1.45899
9.718  8  1.71767  1.43695
9.744  10  2.65631  1.83359
9.744  10  2.65305  1.80562
9.744  10  2.6495  1.77598
9.744  10  2.64624  1.74959
9.744  10  2.64269  1.72161
9.744  10  2.63943  1.69667
9.744  10  2.63588  1.67021
9.744  10  2.63262  1.64661
9.744  10  2.62907  1.62155
9.744  10  2.62581  1.59918
9.744  10  2.62226  1.57541
9.744  10  2.619  1.55418
9.744  10  2.61545  1.5316
9.744  10  2.61219  1.51143
9.744  10  2.60864  1.48996
9.744  10  2.60539  1.47076
9.744  10  2.60183  1.45032
9.744  10  2.59858  1.43202
9.744  10  2.59502  1.41254
9.744  10  2.59177  1.39509
9.744  10  2.58821  1.37649
9.744  10  2.58496  1.35983
9.744  10  2.5814  1.34206
9.744  10  2.57815  1.32614
9.744  10  2.57459  1.30915
9.744  10  2.57134  1.29391
9.744  10  2.56778  1.27765
9.744  10  2.56453  1.26305
9.744  10  2.56098  1.24747
9.744  10  2.55772  1.23348
9.744  10  2.55417  1.21853
9.744  10  2.55091  1.20511
9.744  10  2.54736  1.19077
9.744  10  2.5441  1.17788
9.744  10  2.54055  1.1641
9.744  10  2.53729  1.15171
9.744  10  2.53403  1.13955
9.744  10  2.53048  1.12655
9.744  10  2.52722  1.11485
9.744  10  2.52367  1.10234
9.744  10  2.52041  1.09108
9.744  10  2.51657  1.07803
9.744  10  2.51331  1.06719
9.744  10  2.50976  1.05559
9.744  10  2.5065  1.04515
9.744  10  2.50295  1.03396
9.744  10  2.49969  1.02388
9.744  10  2.49614  1.01308
9.744  10  2.49288  1.00336
9.744  10  2.48933  0.992926
9.744  10  2.48607  0.983529
9.744  10  2.48252  0.973451
9.744  10  2.47926  0.964368
9.744  10  2.47571  0.954625
9.744  10  2.47245  0.94584
9.744  10  2.4689  0.936415
9.744  10  2.46564  0.927915
9.744  10  2.46209  0.918791
9.744  10  2.45883  0.910562
9.744  10  2.45528  0.901726
9.744  10  2.45202  0.893755
9.744  10  2.44847  0.885194
9.744  10  2.44521  0.877469
9.744  10  2.44166  0.86917
9.744  10  2.4384  0.861679
9.744  10  2.43485  0.853631
9.744  10  2.43159  0.846364
9.744  10  2.42804  0.838555
9.744  10  2.42478  0.831502
9.744  10  2.42123  0.823922
9.744  10  2.41798  0.817074
9.744  10  2.41442  0.809712
9.744  10  2.41117  0.803061
9.744  10  2.40791  0.7965
9.744  10  2.40436  0.789444
9.744  10  2.4011  0.783068
9.744  10  2.39755  0.776209
9.744  10  2.39429  0.770008
9.744  10  2.39074  0.763338
9.744  10  2.38748  0.757307
9.744  10  2.38393  0.750817
9.744  10  2.38067  0.744948
9.744  10  2.37712  0.738632
9.744  10  2.37386  0.732919
9.744  10  2.37031  0.726769
9.744  10  2.36705  0.721206
9.744  10  2.3635  0.715216
9.744  10  2.36024  0.709797
9.744  10  2.35669  0.703961
9.744  10  2.35343  0.69868
9.744  10  2.34988  0.692993
9.744  10  2.34662  0.687845
9.744  10  2.34307  0.6823
9.744  10  2.33981  0.677281
9.744  10  2.33626  0.671873
9.744  10  2.33271  0.666535
9.744  10  2.32916  0.661265
9.744  10  2.3259  0.656493
9.744  10  2.32235  0.65135
9.744  10  2.31909  0.646693
9.744  10  2.31554  0.641673
9.744  10  2.31228  0.637126
9.744  10  2.30873  0.632224
9.744  10  2.30547  0.627783
9.744  10  2.30192  0.622996
9.744  10  2.29866  0.618658
9.744  10  2.29511  0.613981
9.744  10  2.29185  0.609743
9.744  10  2.28859  0.605551
9.744  10  2.28504  0.60103
9.744  10  2.28178  0.596932
10.407  8  2.00494  2.09906
10.407  8  2.00292  2.05654
10.407  8  2.00109  2.01964
10.407  8  1.99907  1.9801
10.407  8  1.99704  1.942
10.407  8  1.99502  1.90526
10.407  8  1.99299  1.86981
10.407  8  1.99097  1.8356
10.407  8  1.98894  1.80254
10.407  8  1.98712  1.77374
10.407  8  1.98509  1.74274
10.407  8  1.98307  1.71275
10.407  8  1.98104  1.68371
10.407  8  1.97902  1.65558
10.407  8  1.97699  1.62833
10.407  8  1.97496  1.6019
10.407  8  1.97294  1.57626
10.407  8  1.97091  1.55139
10.407  8  1.96909  1.52962
10.407  8  1.96706  1.50609
10.407  8  1.96504  1.48323
10.407  8  1.96301  1.461
11.671  8  2.50333  2.04917
11.671  8  2.50083  2.01311
11.671  8  2.49834  1.97823
11.671  8  2.49584  1.94447
11.671  8  2.49334  1.91178
11.671  8  2.49084  1.88011
11.671  8  2.48834  1.8494
11.671  8  2.48584  1.81963
11.671  8  2.48334  1.79074
11.671  8  2.48084  1.7627
11.671  8  2.47835  1.73548
11.671  8  2.47585  1.70902
11.671  8  2.47335  1.68331
11.671  8  2.47085  1.65831
11.671  8  2.46835  1.634
11.671  8  2.46585  1.61034
11.671  8  2.46335  1.58731
11.671  8  2.46085  1.56489
11.671  8  2.45836  1.54304
11.671  8  2.45586  1.52176
11.671  8  2.45336  1.50101
12.565  10  4.19654  1.42169
12.565  10  4.19081  1.40634
12.565  10  4.18547  1.39227
12.565  10  4.17974  1.37746
12.565  10  4.17401  1.36293
12.565  10  4.16867  1.34961
12.565  10  4.16294  1.33559
12.565  10  4.1576  1.32272
12.565  10  4.15187  1.30918
12.565  10  4.14614  1.29587
12.565  10  4.1408  1.28366
12.565  10  4.13507  1.27079
12.565  10  4.12973  1.25899
12.565  10  4.124  1.24654
12.565  10  4.11866  1.23512
12.565  10  4.11293  1.22308
12.565  10  4.1072  1.21124
12.565  10  4.10186  1.20036
12.565  10  4.09613  1.18889
12.565  10  4.09079  1.17836
12.565  10  4.08506  1.16724
12.565  10  4.07933  1.15631
12.565  10  4.07399  1.14625
12.565  10  4.06826  1.13565
12.565  10  4.06292  1.1259
12.565  10  4.05719  1.11561
12.565  10  4.05184  1.10615
12.565  10  4.04574  1.0955
12.565  10  4.04001  1.08568
12.565  10  4.03466  1.07664
12.565  10  4.02894  1.0671
12.565  10  4.02359  1.05832
12.565  10  4.01786  1.04904
12.565  10  4.01214  1.03991
12.565  10  4.00679  1.0315
12.565  10  4.00107  1.02261
12.565  10  3.99572  1.01443
12.565  10  3.98999  1.00579
12.565  10  3.98427  0.997273
12.565  10  3.97892  0.989429
12.565  10  3.9732  0.981137
12.565  10  3.96785  0.973502
12.565  10  3.96212  0.96543
12.565  10  3.95678  0.957995
12.565  10  3.95105  0.950133
12.565  10  3.94533  0.942377
12.565  10  3.93998  0.935231
12.565  10  3.93425  0.927674
12.565  10  3.92891  0.92071
12.565  10  3.92318  0.913343
12.565  10  3.91746  0.906073
12.565  10  3.91211  0.899371
12.565  10  3.90638  0.892281
12.565  10  3.90104  0.885745
12.565  10  3.89531  0.878828
12.565  10  3.88997  0.872451
12.565  10  3.88424  0.865701
12.565  10  3.87851  0.859035
12.565  10  3.87317  0.852889
12.565  10  3.86744  0.846382
12.565  10  3.8621  0.84038
12.565  10  3.85637  0.834026
12.565  10  3.85064  0.827748
12.565  10  3.8453  0.821957
12.565  10  3.83957  0.815824
12.565  10  3.83423  0.810166
12.565  10  3.8285  0.804173
12.565  10  3.82316  0.798643
12.565  10  3.81743  0.792785
12.565  10  3.8117  0.786996
12.565  10  3.80636  0.781652
12.565  10  3.80063  0.775991
12.565  10  3.7949  0.770394
12.565  10  3.78918  0.764861
12.821  8  3.00678  2.07552
12.821  8  3.00379  2.04171
12.821  8  3.00079  2.00893
12.821  8  2.9978  1.97712
12.821  8  2.9948  1.94624
12.821  8  2.99181  1.91625
12.821  8  2.98881  1.88711
12.821  8  2.98557  1.85647
12.821  8  2.98258  1.829
12.821  8  2.97958  1.80227
12.821  8  2.97659  1.77627
12.821  8  2.97359  1.75095
12.821  8  2.9706  1.7263
12.821  8  2.9676  1.70228
12.821  8  2.96461  1.67888
12.821  8  2.96161  1.65606
12.821  8  2.95862  1.63382
12.821  8  2.95562  1.61211
12.821  8  2.95263  1.59094
12.821  8  2.94964  1.57027
12.821  8  2.94664  1.5501
12.821  8  2.94365  1.53039
14.878  8  4.00841  2.06184
14.878  8  4.00436  2.03229
14.878  8  4.0003  2.00352
14.878  8  3.99654  1.97747
14.878  8  3.99249  1.95011
14.878  8  3.98843  1.92345
14.878  8  3.98438  1.89746
14.878  8  3.98032  1.8721
14.878  8  3.97656  1.84912
14.878  8  3.9725  1.82494
14.878  8  3.96845  1.80133
14.878  8  3.9644  1.77829
14.878  8  3.96034  1.75578
14.878  8  3.95658  1.73534
14.878  8  3.95252  1.71381
14.878  8  3.94847  1.69277
14.878  8  3.94441  1.6722
14.878  8  3.94036  1.65208
14.878  8  3.93631  1.6324
14.878  8  3.93254  1.61451
14.878  8  3.92849  1.59563
14.878  8  3.92443  1.57716
15.73  10  6.27976  1.29157
15.73  10  6.27116  1.2809
15.73  10  6.26208  1.2698
15.73  10  6.25299  1.25885
15.73  10  6.24439  1.24863
15.73  10  6.23531  1.23799
15.73  10  6.22623  1.2275
15.73  10  6.21763  1.21769
15.73  10  6.20855  1.20748
15.73  10  6.19994  1.19794
15.73  10  6.19086  1.188
15.73  10  6.18178  1.1782
15.73  10  6.1727  1.16852
15.73  10  6.16362  1.15898
15.73  10  6.15454  1.14957
15.73  10  6.14593  1.14076
15.73  10  6.13685  1.13159
15.73  10  6.12777  1.12254
15.73  10  6.11917  1.11407
15.73  10  6.11009  1.10524
15.73  10  6.10101  1.09652
15.73  10  6.0924  1.08837
15.73  10  6.08332  1.07987
15.73  10  6.07424  1.07148
15.73  10  6.06564  1.06362
15.73  10  6.05656  1.05543
15.73  10  6.04748  1.04734
15.73  10  6.03887  1.03977
15.73  10  6.02979  1.03187
15.73  10  6.02071  1.02407
15.73  10  6.01211  1.01676
15.73  10  6.00303  1.00914
15.73  10  5.99395  1.00161
15.73  10  5.98534  0.994561
15.73  10  5.97626  0.987203
15.73  10  5.96718  0.979932
15.73  10  5.95858  0.973121
15.73  10  5.9495  0.966013
15.73  10  5.94042  0.958987
15.73  10  5.93181  0.952405
15.73  10  5.92273  0.945534
15.73  10  5.91365  0.938741
15.73  10  5.90505  0.932376
15.73  10  5.89597  0.92573
15.73  10  5.88736  0.919503
15.73  10  5.87828  0.913001
15.73  10  5.8692  0.90657
15.73  10  5.8606  0.900542
15.73  10  5.85104  0.893918
15.73  10  5.84196  0.887696
15.73  10  5.83336  0.881862
15.73  10  5.82428  0.875769
15.73  10  5.81519  0.86974
15.73  10  5.80659  0.864088
15.73  10  5.79751  0.858184
15.73  10  5.78843  0.852341
15.73  10  5.77983  0.846862
15.73  10  5.77075  0.841137
15.73  10  5.76166  0.835472
15.73  10  5.75306  0.830158
15.73  10  5.74398  0.824605
15.73  10  5.7349  0.819109
15.73  10  5.7263  0.813954
15.73  10  5.71722  0.808565
17.301  10  7.87998  1.81705
17.301  10  7.85527  1.77525
17.301  10  7.83109  1.73592
17.301  10  7.80638  1.69726
17.301  10  7.78167  1.66005
17.301  10  7.75697  1.62422
17.301  10  7.73278  1.59041
17.301  10  7.70808  1.55709
17.301  10  7.68337  1.52493
17.301  10  7.53881  1.35723
17.301  10  7.52724  1.34515
17.301  10  7.51515  1.33271
17.301  10  7.50359  1.32098
17.301  10  7.4915  1.30891
17.301  10  7.47993  1.29753
17.301  10  7.46784  1.28581
17.301  10  7.45628  1.27475
17.301  10  7.44471  1.26386
17.301  10  7.43262  1.25263
17.301  10  7.42105  1.24203
17.301  10  7.40896  1.23112
17.301  10  7.3974  1.22082
17.301  10  7.38531  1.21021
17.301  10  7.37374  1.20019
17.301  10  7.36165  1.18986
17.301  10  7.35009  1.18012
17.301  10  7.33852  1.17051
17.301  10  7.32643  1.16059
17.301  10  7.31487  1.15123
17.301  10  7.30278  1.14157
17.301  10  7.29121  1.13245
17.301  10  7.27912  1.12305
17.301  10  7.26756  1.11417
17.301  10  7.25599  1.1054
17.301  10  7.2439  1.09635
17.301  10  7.23181  1.08741
17.301  10  7.21972  1.07859
17.301  10  7.20815  1.07027
17.301  10  7.19606  1.06167
17.301  10  7.1845  1.05354
17.301  10  7.17241  1.04516
17.301  10  7.16084  1.03723
17.301  10  7.14928  1.0294
17.301  10  7.13719  1.02131
17.301  10  7.12562  1.01367
17.301  10  7.11353  1.00577
17.301  10  7.10197  0.998311
17.301  10  7.08987  0.990602
17.301  10  7.07831  0.983314
17.301  10  7.06622  0.975784
17.301  10  7.05465  0.968664
17.301  10  7.04309  0.961625
17.301  10  7.031  0.954351
17.301  10  7.01943  0.947472
17.301  10  7.00734  0.940361
17.301  10  6.99578  0.933637
17.301  10  6.98369  0.926685
17.301  10  6.97212  0.92011
17.301  10  6.96056  0.913607
17.301  10  6.94847  0.906882
17.301  10  6.9369  0.900521
17.301  10  6.92481  0.893942
17.301  10  6.91325  0.887718
17.301  10  6.90116  0.881281
17.301  10  6.88959  0.875191
17.301  10  6.8775  0.868891
17.301  10  6.86593  0.862929
17.301  10  6.85384  0.856762
17.301  10  6.84175  0.850661
17.301  10  6.83019  0.844886
17.301  10  6.8181  0.838912
18.375  8  5.99133  1.96719
18.375  8  5.97917  1.92291
18.375  8  5.96736  1.88164
18.375  8  5.9552  1.84077
18.375  8  5.9434  1.80262
18.375  8  5.93124  1.76478
18.375  8  5.91944  1.72941
18.375  8  5.90728  1.69427
18.375  8  5.89548  1.66138
18.476  10  8.35339  1.2379
18.476  10  8.34048  1.22813
18.476  10  8.32813  1.2189
18.476  10  8.31578  1.20978
18.476  10  8.30343  1.20077
18.476  10  8.29052  1.19147
18.476  10  8.27817  1.18268
18.476  10  8.26582  1.17399
18.476  10  8.25347  1.1654
18.476  10  8.24112  1.15691
18.476  10  8.22877  1.14852
18.476  10  8.21641  1.14023
18.476  10  8.20406  1.13203
18.476  10  8.19171  1.12392
18.476  10  8.1788  1.11555
18.476  10  8.16645  1.10762
18.476  10  8.1541  1.09979
18.476  10  8.14175  1.09204
18.476  10  8.1294  1.08438
18.476  10  8.11705  1.07681
18.476  10  8.1047  1.06931
18.476  10  8.09235  1.0619
18.476  10  8.08  1.05456
18.476  10  8.06709  1.04698
18.476  10  8.05474  1.03981
18.476  10  8.04239  1.03271
18.476  10  8.03004  1.02569
18.476  10  8.01769  1.01874
18.476  10  8.00533  1.01186
18.476  10  7.99298  1.00505
18.476  10  7.98063  0.998318
18.476  10  7.96828  0.991652
18.476  10  7.95537  0.984756
18.476  10  7.94246  0.977933
18.476  10  7.93011  0.971474
18.476  10  7.91776  0.96508
18.476  10  7.90541  0.95875
18.476  10  7.89306  0.952484
18.476  10  7.88071  0.946279
18.476  10  7.86836  0.940135
18.476  10  7.85601  0.934052
18.476  10  7.84309  0.927756
18.476  10  7.83074  0.921794
18.476  10  7.81839  0.915889
18.476  10  7.80604  0.910041
18.476  10  7.79369  0.904249
18.476  10  7.78134  0.898512
18.476  10  7.76899  0.89283
18.476  10  7.75664  0.887201
18.476  10  7.74373  0.881374
18.476  10  7.73138  0.875852
18.476  10  7.71903  0.870383
18.476  10  7.70668  0.864963
20.999  10  10.4582  1.20944
20.999  10  10.4422  1.20108
20.999  10  10.4263  1.19281
20.999  10  10.4103  1.18463
20.999  10  10.3944  1.17653
20.999  10  10.3784  1.16852
20.999  10  10.3625  1.16059
20.999  10  10.3465  1.15275
20.999  10  10.3306  1.14499
20.999  10  10.3146  1.13731
20.999  10  10.2987  1.1297
20.999  10  10.2827  1.12218
20.999  10  10.2668  1.11473
20.999  10  10.2508  1.10736
20.999  10  10.2349  1.10006
20.999  10  10.2189  1.09284
20.999  10  10.203  1.08568
20.999  10  10.187  1.0786
20.999  10  10.1711  1.07159
20.999  10  10.1551  1.06465
20.999  10  10.1385  1.0575
20.999  10  10.1226  1.05069
20.999  10  10.1066  1.04395
20.999  10  10.0907  1.03728
20.999  10  10.0747  1.03067
20.999  10  10.0581  1.02386
20.999  10  10.0422  1.01738
20.999  10  10.0262  1.01096
20.999  10  10.0103  1.0046
20.999  10  9.99432  0.998298
20.999  10  9.97837  0.992056
20.999  10  9.96242  0.985872
20.999  10  9.94647  0.979745
20.999  10  9.93052  0.973674
20.999  10  9.91457  0.967659
20.999  10  9.89861  0.961699
20.999  10  9.88266  0.955793
20.999  10  9.86671  0.94994
20.999  10  9.85076  0.94414
20.999  10  9.83481  0.938391
20.999  10  9.81886  0.932694
20.999  10  9.80291  0.927048
20.999  10  9.78696  0.921452
20.999  10  9.77101  0.915904
20.999  10  9.75505  0.910405
20.999  10  9.7391  0.904955
20.999  10  9.72315  0.899551
20.999  10  9.7072  0.894194
20.999  10  9.69125  0.888884
20.999  10  9.6753  0.883618
20.999  10  9.65935  0.878398
