0.0994  134.5  0.0302636  1.62902
0.0994  134.5  0.0297226  1.3773
0.0994  134.5  0.0292154  1.19759
0.0994  134.5  0.0287082  1.05506
0.0994  134.5  0.0282009  0.939258
0.0994  134.5  0.0276937  0.843305
0.0994  134.5  0.0272541  0.772531
0.0994  134.5  0.0267807  0.706501
0.0994  134.5  0.0263074  0.64903
0.0994  134.5  0.0259016  0.605386
0.0994  134.5  0.025462  0.563011
0.0994  134.5  0.0249886  0.522207
0.0994  134.5  0.0248533  0.51136
0.0994  134.5  0.0244138  0.478307
0.0994  134.5  0.0239742  0.44827
0.0994  134.5  0.0228921  0.384829
0.0994  134.5  0.0224864  0.364221
0.0994  134.5  0.0220806  0.345062
0.1099  54  0.00938666  0.793984
0.1099  54  0.00931417  0.699081
0.1099  54  0.00922357  0.606813
0.1099  54  0.00915108  0.547928
0.1099  54  0.00908766  0.504455
0.1099  54  0.00899706  0.45231
0.1099  54  0.00893363  0.421299
0.1099  54  0.00886115  0.390253
0.1099  54  0.00877054  0.356777
0.1099  54  0.00870712  0.33623
0.1099  54  0.00863464  0.315161
0.1099  54  0.00855309  0.294058
0.1099  54  0.00848061  0.277256
0.1099  54  0.00842625  0.265698
0.1099  54  0.00833564  0.248157
0.1099  54  0.00828128  0.238543
0.1099  54  0.00821786  0.228086
0.1099  54  0.00813631  0.215711
0.1099  54  0.00807289  0.206827
0.1099  54  0.00801852  0.199674
0.1099  54  0.00792792  0.188605
0.1099  54  0.00787356  0.182425
0.1099  54  0.00773765  0.1683
0.1099  54  0.0076108  0.156593
0.1099  54  0.00748396  0.146086
0.1099  54  0.00734805  0.135963
0.1099  54  0.00723026  0.128006
0.1099  54  0.00710342  0.120171
0.1099  54  0.00698563  0.113494
0.1099  54  0.0068769  0.107784
0.1099  54  0.00675912  0.102037
0.1099  54  0.00664133  0.0966975
0.1453  134.5  0.0639604  2.14366
0.1453  134.5  0.0631201  1.91116
0.1453  134.5  0.0623787  1.74038
0.1453  134.5  0.0620327  1.66954
0.1453  134.5  0.0612912  1.53342
0.1453  134.5  0.0602038  1.3652
0.1453  134.5  0.0585727  1.16467
0.1453  134.5  0.0575841  1.0655
0.1453  134.5  0.0570898  1.0209
0.1453  134.5  0.0565461  0.975182
0.1453  134.5  0.0561013  0.940127
0.1453  134.5  0.0551127  0.868913
0.1453  134.5  0.0541241  0.805655
0.1453  134.5  0.053185  0.751777
0.1453  134.5  0.051801  0.681592
0.1453  134.5  0.0508618  0.639245
0.1453  134.5  0.0499721  0.602486
0.1453  134.5  0.048687  0.554381
0.1453  134.5  0.0478467  0.525717
0.1453  134.5  0.0470064  0.498993
0.1453  134.5  0.0457707  0.462827
0.1453  134.5  0.0449799  0.441428
0.1453  134.5  0.044189  0.421254
0.1453  134.5  0.0430522  0.394197
0.1453  134.5  0.0422613  0.376602
0.1453  134.5  0.0415199  0.360941
0.1453  134.5  0.037269  0.284127
0.1453  134.5  0.0366265  0.27413
0.1453  134.5  0.0359839  0.264491
0.1692  90  0.051606  1.64674
0.1692  90  0.048222  0.962443
0.1692  90  0.044838  0.651061
0.1692  90  0.041454  0.473032
0.1692  90  0.03807  0.357801
0.1692  90  0.034686  0.277121
0.1875  134.5  0.104415  2.3379
0.1875  134.5  0.103777  2.22992
0.1875  134.5  0.102565  2.04705
0.1875  134.5  0.101672  1.92813
0.1875  134.5  0.100779  1.82049
0.1875  134.5  0.0999497  1.72931
0.1875  134.5  0.0981637  1.55687
0.1875  134.5  0.0958037  1.36872
0.1875  134.5  0.0941453  1.25738
0.1875  134.5  0.0924869  1.15967
0.1875  134.5  0.0899356  1.03067
0.1875  134.5  0.088341  0.960743
0.1875  134.5  0.0867464  0.897605
0.1875  134.5  0.0845139  0.818855
0.1875  134.5  0.0830469  0.772343
0.1875  134.5  0.0815799  0.72942
0.1875  134.5  0.079475  0.673319
0.1875  134.5  0.0780717  0.639078
0.1875  134.5  0.0766685  0.607076
0.1875  134.5  0.0746912  0.565377
0.1875  134.5  0.0734155  0.540369
0.1875  134.5  0.0721398  0.516706
0.1875  134.5  0.0702901  0.484569
0.1875  134.5  0.0690782  0.46479
0.1875  134.5  0.0678663  0.445938
0.1875  134.5  0.0618706  0.364315
0.1875  134.5  0.0607862  0.35133
0.1875  134.5  0.0597019  0.338816
0.1875  134.5  0.0544716  0.284306
0.1875  134.5  0.0535149  0.275268
0.1875  134.5  0.0525581  0.266488
0.1875  134.5  0.0500705  0.244792
0.1875  134.5  0.0491775  0.237377
0.1875  134.5  0.0483483  0.230659
0.1875  134.5  0.0479019  0.227105
0.1875  134.5  0.0470727  0.220622
0.1875  134.5  0.0462435  0.214286
0.1984  54  0.0306851  1.51407
0.1984  54  0.0305216  1.37837
0.1984  54  0.0303089  1.23294
0.1984  54  0.030129  1.13067
0.1984  54  0.0300636  1.09731
0.1984  54  0.0297692  0.967306
0.1984  54  0.0295402  0.88437
0.1984  54  0.0290168  0.736327
0.1984  54  0.0282807  0.591005
0.1984  54  0.02779  0.519619
0.1984  54  0.0272993  0.46183
0.1984  54  0.026596  0.395889
0.1984  54  0.0261216  0.359692
0.1984  54  0.0256636  0.329542
0.1984  54  0.024993  0.292075
0.1984  54  0.0245514  0.270876
0.1984  54  0.0241261  0.252587
0.1984  54  0.0235209  0.229563
0.1984  54  0.0230956  0.215167
0.1984  54  0.0227031  0.202992
0.1984  54  0.0206912  0.153355
0.1984  54  0.0203314  0.146214
0.1984  54  0.0199715  0.139485
0.1984  54  0.0182213  0.11161
0.1984  54  0.0178942  0.107143
0.1984  54  0.0175834  0.103082
0.1984  54  0.0160132  0.0849089
0.1984  54  0.0157351  0.0820466
0.1984  54  0.0154571  0.079278
0.1984  54  0.0141322  0.0672407
0.1984  54  0.0138705  0.065066
0.1984  54  0.0136415  0.0632127
0.2193  36  0.0178001  1.39494
0.2193  36  0.0169624  0.538047
0.2193  36  0.0161248  0.320627
0.2193  36  0.0152871  0.22137
0.2193  60  0.0455047  2.05502
0.2193  60  0.0433117  1.05874
0.2193  60  0.0411187  0.689055
0.2193  60  0.0389257  0.496252
0.2193  60  0.0367327  0.37789
0.2193  60  0.0345397  0.297832
0.2193  90  0.0866235  2.11749
0.2193  90  0.0822375  1.37811
0.2193  90  0.0778515  0.992503
0.2193  90  0.0734655  0.755779
0.2193  90  0.0690795  0.595665
0.2193  90  0.0646935  0.480151
0.2193  90  0.0603075  0.392879
0.2193  90  0.0559215  0.324622
0.2694  36  0.0264972  1.18657
0.2694  36  0.0254682  0.619719
0.2694  36  0.0244391  0.40826
0.2694  36  0.0234101  0.297736
0.2694  36  0.0223811  0.229803
0.2694  36  0.0213521  0.183819
0.2694  36  0.0203231  0.150627
0.2694  36  0.0192941  0.12554
0.2694  60  0.0680235  2.14493
0.2694  60  0.0653295  1.29419
0.2694  60  0.0626355  0.904556
0.2694  60  0.0599415  0.681077
0.2694  60  0.0572475  0.536149
0.2694  60  0.0545535  0.434548
0.2694  60  0.0518595  0.359371
0.2694  60  0.0491655  0.301496
0.2694  60  0.0464715  0.255567
0.2694  60  0.0437775  0.21823
0.2694  60  0.0410835  0.187281
0.2694  90  0.130659  2.58838
0.2694  90  0.125271  1.80911
0.2694  90  0.119883  1.36215
0.2694  90  0.114495  1.0723
0.2694  90  0.109107  0.869096
0.2694  90  0.103719  0.718742
0.2694  90  0.098331  0.602993
0.2694  90  0.092943  0.511133
0.2694  90  0.087555  0.43646
0.2694  90  0.082167  0.374562
0.2694  90  0.076779  0.32242
0.2694  90  0.071391  0.277895
0.2694  90  0.066003  0.239433
0.2694  90  0.060615  0.205873
0.2694  90  0.055227  0.176334
0.2694  144.5  0.217482  2.4711
0.2694  144.5  0.207707  1.94527
0.2694  144.5  0.197933  1.57664
0.2694  144.5  0.188158  1.30388
0.2694  144.5  0.178384  1.0939
0.2694  144.5  0.168609  0.927255
0.2694  144.5  0.158835  0.791789
0.2694  144.5  0.14906  0.679499
0.2694  144.5  0.139286  0.584907
0.2694  144.5  0.129512  0.504134
0.2694  144.5  0.119737  0.434358
0.2694  144.5  0.109963  0.373477
0.2694  144.5  0.100188  0.31989
0.2694  144.5  0.0904137  0.272363
0.2872  54  0.0636928  1.86492
0.2872  54  0.0633613  1.7227
0.2872  54  0.0625799  1.45627
0.2872  54  0.0617275  1.24129
0.2872  54  0.0614908  1.19157
0.2872  54  0.0607804  1.06195
0.2872  54  0.0606384  1.03903
0.2872  54  0.0597149  0.909193
0.2872  54  0.0595729  0.891743
0.2872  54  0.0586495  0.79124
0.2872  54  0.0571578  0.665045
0.2872  54  0.0561633  0.598582
0.2872  54  0.0551688  0.54242
0.2872  54  0.0537008  0.473789
0.2872  54  0.0527537  0.436524
0.2872  54  0.0518303  0.404394
0.2872  54  0.050457  0.362864
0.2872  54  0.0495809  0.339607
0.2872  54  0.0487049  0.318461
0.2872  54  0.0474736  0.291793
0.2872  54  0.0466449  0.275574
0.2872  54  0.0458162  0.260568
0.2872  54  0.0446086  0.240604
0.2872  54  0.0438273  0.228749
0.2872  54  0.0430459  0.217637
0.2872  54  0.0408202  0.189485
0.2872  54  0.0401099  0.181446
0.2872  54  0.0393996  0.173806
0.2872  54  0.0369134  0.149817
0.2872  54  0.0362741  0.144256
0.2872  54  0.0356348  0.138914
0.2872  54  0.0325094  0.115571
0.2872  54  0.0319411  0.111761
0.2872  54  0.0313965  0.108221
0.2872  54  0.0286026  0.0915994
0.2872  54  0.0281053  0.0888853
0.2872  54  0.0276081  0.086238
0.2872  54  0.0251693  0.0741436
0.2872  54  0.0247194  0.0720615
0.2872  54  0.0242932  0.0701286
0.2872  54  0.0221149  0.0608096
0.2872  54  0.0217361  0.0592785
0.2872  54  0.0213572  0.0577723
0.2872  54  0.0194393  0.0505076
0.2872  54  0.0191078  0.0493097
0.2872  54  0.0187763  0.048128
0.2888  134.5  0.234313  2.48239
0.2888  134.5  0.227731  2.12906
0.2888  134.5  0.223801  1.95512
0.2888  134.5  0.219871  1.80259
0.2888  134.5  0.213682  1.59705
0.2888  134.5  0.20985  1.48708
0.2888  134.5  0.206215  1.39279
0.2888  134.5  0.200517  1.26156
0.2888  134.5  0.19698  1.18878
0.2888  134.5  0.193542  1.1235
0.2888  134.5  0.18804  1.0288
0.2888  134.5  0.184798  0.977933
0.2888  134.5  0.181556  0.93029
0.2888  134.5  0.17684  0.86615
0.2888  134.5  0.173696  0.826445
0.2888  134.5  0.170651  0.790085
0.2888  134.5  0.16623  0.74066
0.2888  134.5  0.163282  0.709725
0.2888  134.5  0.160433  0.681227
0.2888  134.5  0.156209  0.641316
0.2888  134.5  0.153556  0.617579
0.2888  134.5  0.150805  0.593964
0.2888  134.5  0.146974  0.562655
0.2888  134.5  0.144419  0.542739
0.2888  134.5  0.141865  0.52354
0.2888  134.5  0.12929  0.438281
0.2888  134.5  0.12703  0.424412
0.2888  134.5  0.124771  0.410937
0.2888  134.5  0.113767  0.350439
0.2888  134.5  0.111802  0.34045
0.2888  134.5  0.109837  0.330688
0.2888  134.5  0.100209  0.285873
0.2888  134.5  0.0985393  0.278573
0.2888  134.5  0.0967709  0.270986
0.2888  134.5  0.0883218  0.236633
0.2888  134.5  0.0867499  0.230566
0.2888  134.5  0.0852762  0.224967
0.2888  134.5  0.0777114  0.197482
0.2888  134.5  0.076336  0.1927
0.2888  134.5  0.0750588  0.188317
0.3191  36  0.0374797  1.72179
0.3191  36  0.0362609  0.894594
0.3191  36  0.035042  0.59094
0.3191  36  0.0338232  0.433274
0.3191  36  0.0326043  0.336718
0.3191  36  0.0313855  0.271512
0.3191  36  0.0301666  0.22452
0.3191  36  0.0289478  0.189045
0.3191  36  0.0277289  0.161316
0.3191  36  0.0265101  0.139046
0.3191  36  0.0252912  0.120767
0.3191  36  0.0240724  0.105494
0.3191  36  0.0228535  0.0925418
0.3191  60  0.0949322  2.34208
0.3191  60  0.0917412  1.5471
0.3191  60  0.0885502  1.13433
0.3191  60  0.0853592  0.88154
0.3191  60  0.0821682  0.710828
0.3191  60  0.0789772  0.587801
0.3191  60  0.0757862  0.494927
0.3191  60  0.0725952  0.422332
0.3191  60  0.0694042  0.364027
0.3191  60  0.0662132  0.316171
0.3191  60  0.0630222  0.276186
0.3191  60  0.0598312  0.242278
0.3191  60  0.0566402  0.213159
0.3191  60  0.0534492  0.187881
0.3191  60  0.0502582  0.165732
0.3191  90  0.180291  2.62504
0.3191  90  0.173909  1.98874
0.3191  90  0.167527  1.57729
0.3191  90  0.161145  1.28939
0.3191  90  0.154763  1.07667
0.3191  90  0.148381  0.913068
0.3191  90  0.141999  0.783341
0.3191  90  0.135617  0.677953
0.3191  90  0.129235  0.590642
0.3191  90  0.122853  0.517124
0.3191  90  0.116471  0.454371
0.3191  90  0.110089  0.400178
0.3191  90  0.103707  0.352906
0.3191  90  0.0973255  0.31131
0.3191  90  0.0909435  0.274424
0.3191  90  0.0845615  0.241492
0.3191  90  0.0781795  0.21191
0.3191  90  0.0717975  0.185191
0.3191  90  0.0654155  0.16094
0.3191  144.5  0.298125  2.57905
0.3191  144.5  0.286548  2.13268
0.3191  144.5  0.27497  1.79571
0.3191  144.5  0.263392  1.53232
0.3191  144.5  0.251815  1.32077
0.3191  144.5  0.240237  1.14714
0.3191  144.5  0.228659  1.00207
0.3191  144.5  0.217082  0.879039
0.3191  144.5  0.205504  0.773389
0.3191  144.5  0.193926  0.681677
0.3191  144.5  0.182349  0.601315
0.3191  144.5  0.170771  0.53032
0.3191  144.5  0.159193  0.467143
0.3191  144.5  0.147615  0.410561
0.3191  144.5  0.136038  0.359592
0.3191  144.5  0.12446  0.313441
0.3191  144.5  0.112882  0.271455
0.3191  144.5  0.101305  0.233095
0.3669  134.5  0.364952  2.61048
0.3669  134.5  0.359336  2.4239
0.3669  134.5  0.353095  2.24003
0.3669  134.5  0.346855  2.07682
0.3669  134.5  0.341488  1.95045
0.3669  134.5  0.335497  1.82247
0.3669  134.5  0.329506  1.70643
0.3669  134.5  0.324638  1.61983
0.3669  134.5  0.318897  1.52548
0.3669  134.5  0.31328  1.44042
0.3669  134.5  0.308412  1.37188
0.3669  134.5  0.303045  1.3013
0.3669  134.5  0.297678  1.23545
0.3669  134.5  0.293185  1.18361
0.3669  134.5  0.287943  1.1266
0.3669  134.5  0.28295  1.07548
0.3669  134.5  0.278582  1.03309
0.3669  134.5  0.273714  0.988217
0.3669  134.5  0.268847  0.945656
0.3669  134.5  0.257863  0.857229
0.3669  134.5  0.25337  0.823791
0.3669  134.5  0.248877  0.791791
0.3669  134.5  0.237144  0.714374
0.3669  134.5  0.233025  0.689112
0.3669  134.5  0.228907  0.664758
0.3669  134.5  0.21655  0.596682
0.3669  134.5  0.212806  0.577408
0.3669  134.5  0.209061  0.558714
0.3669  134.5  0.195831  0.49694
0.3669  134.5  0.192461  0.482189
0.3669  134.5  0.189091  0.467807
0.3669  134.5  0.172366  0.401456
0.3669  134.5  0.169371  0.390384
0.3669  134.5  0.166375  0.37954
0.3669  134.5  0.149151  0.321269
0.3669  134.5  0.122941  0.244092
0.3669  134.5  0.0977284  0.180454
0.3678  54  0.104128  2.27414
0.3678  54  0.103097  1.97624
0.3678  54  0.102308  1.7934
0.3678  54  0.101277  1.59675
0.3678  54  0.100125  1.41904
0.3678  54  0.0995185  1.33921
0.3678  54  0.0983662  1.20781
0.3678  54  0.097123  1.08961
0.3678  54  0.0966379  1.04883
0.3678  54  0.095425  0.957654
0.3678  54  0.0937572  0.852606
0.3678  54  0.0913617  0.732123
0.3678  54  0.0897546  0.666153
0.3678  54  0.0881779  0.610253
0.3678  54  0.0859037  0.541747
0.3678  54  0.0843876  0.502454
0.3678  54  0.0829018  0.467986
0.3678  54  0.0807185  0.423371
0.3678  54  0.0793237  0.398034
0.3678  54  0.0779289  0.3748
0.3678  54  0.0758669  0.343785
0.3678  54  0.0745327  0.325558
0.3678  54  0.0732289  0.308973
0.3678  54  0.0713792  0.287293
0.3678  54  0.0701057  0.273491
0.3678  54  0.0688928  0.261114
0.3678  54  0.0671037  0.24409
0.3678  54  0.0659212  0.233571
0.3678  54  0.0647689  0.223833
0.3678  54  0.0590076  0.181552
0.3678  54  0.0579767  0.174946
0.3678  54  0.056976  0.168773
0.3678  54  0.0519728  0.141018
0.3678  54  0.0510631  0.136466
0.3678  54  0.0501838  0.132193
0.3678  54  0.0457567  0.112418
0.3678  54  0.0449683  0.109172
0.3678  54  0.0441799  0.106003
0.3678  54  0.040238  0.0912063
0.3678  54  0.0395406  0.0887572
0.3678  54  0.0388431  0.086355
0.3678  54  0.035447  0.0752871
0.3678  54  0.0348406  0.0734138
0.3678  54  0.0342341  0.0715699
0.3678  54  0.0311715  0.0626836
0.3678  54  0.0306257  0.0611705
0.3678  54  0.0301103  0.0597601
0.3793  36  0.0525189  1.66589
0.3793  36  0.0510701  1.01548
0.3793  36  0.0496213  0.718558
0.3793  36  0.0481725  0.548523
0.3793  36  0.0467237  0.438359
0.3793  36  0.0452749  0.361179
0.3793  36  0.0438261  0.304098
0.3793  36  0.0423773  0.260169
0.3793  36  0.0409285  0.225316
0.3793  36  0.0394797  0.19699
0.3793  36  0.0380309  0.173514
0.3793  36  0.0365821  0.153741
0.3793  36  0.0351333  0.136859
0.3793  36  0.0336845  0.122277
0.3793  36  0.0322357  0.109555
0.3793  36  0.0307869  0.0983585
0.3793  36  0.0293381  0.0884284
0.3793  36  0.0278893  0.0795614
0.3793  60  0.131807  2.20878
0.3793  60  0.128014  1.63201
0.3793  60  0.124221  1.27793
0.3793  60  0.120428  1.03844
0.3793  60  0.116635  0.865655
0.3793  60  0.112842  0.735119
0.3793  60  0.109049  0.633023
0.3793  60  0.105256  0.550984
0.3793  60  0.101463  0.483622
0.3793  60  0.0976697  0.427321
0.3793  60  0.0938767  0.379563
0.3793  60  0.0900837  0.338541
0.3793  60  0.0862907  0.302924
0.3793  60  0.0824977  0.27171
0.3793  60  0.0787047  0.244129
0.3793  60  0.0749117  0.219582
0.3793  60  0.0711187  0.197595
0.3793  60  0.0673257  0.177788
0.3793  60  0.0635327  0.15985
0.3793  60  0.0597398  0.14353
0.3793  90  0.248441  2.55585
0.3793  90  0.240855  2.07687
0.3793  90  0.233269  1.73131
0.3793  90  0.225683  1.47024
0.3793  90  0.218097  1.26605
0.3793  90  0.210511  1.10197
0.3793  90  0.202926  0.967244
0.3793  90  0.195339  0.854642
0.3793  90  0.187753  0.759126
0.3793  90  0.180168  0.677082
0.3793  90  0.172581  0.605848
0.3793  90  0.164996  0.543419
0.3793  90  0.15741  0.488258
0.3793  90  0.149823  0.439165
0.3793  90  0.142238  0.395191
0.3793  90  0.134652  0.355575
0.3793  90  0.127065  0.3197
0.3793  90  0.11948  0.28706
0.3793  90  0.111894  0.257237
0.3793  90  0.104308  0.22988
0.3793  90  0.0967215  0.204696
0.3793  90  0.0891355  0.181436
0.3793  90  0.0815495  0.159887
0.3793  144.5  0.388773  2.14024
0.3793  144.5  0.375011  1.87117
0.3793  144.5  0.361249  1.64818
0.3793  144.5  0.347487  1.46036
0.3793  144.5  0.333726  1.3
0.3793  144.5  0.319964  1.16149
0.3793  144.5  0.306202  1.04065
0.3793  144.5  0.29244  0.93429
0.3793  144.5  0.278678  0.839966
0.3793  144.5  0.264916  0.755741
0.3793  144.5  0.251154  0.680075
0.3793  144.5  0.237392  0.611727
0.3793  144.5  0.223631  0.549684
0.3793  144.5  0.209869  0.493112
0.3793  144.5  0.196107  0.441319
0.3793  144.5  0.182345  0.393722
0.3793  144.5  0.168583  0.349832
0.3793  144.5  0.154821  0.309233
0.3793  144.5  0.141059  0.271567
0.3793  144.5  0.127297  0.236527
0.4393  36  0.0708945  2.24877
0.4393  36  0.0692165  1.37631
0.4393  36  0.0675386  0.978014
0.4393  36  0.0658606  0.74993
0.4393  36  0.0641826  0.602158
0.4393  36  0.0625046  0.498628
0.4393  36  0.0608267  0.42206
0.4393  36  0.0591487  0.363134
0.4393  36  0.0574707  0.316382
0.4393  36  0.0557927  0.278386
0.4393  36  0.0541147  0.246896
0.4393  36  0.0524368  0.220373
0.4393  36  0.0507588  0.197727
0.4393  36  0.0490808  0.178167
0.4393  36  0.0474028  0.161101
0.4393  36  0.0457249  0.146082
0.4393  36  0.0440469  0.132762
0.4393  36  0.0423689  0.120868
0.4393  36  0.0406909  0.110183
0.4393  36  0.039013  0.100531
0.4393  36  0.037335  0.0917694
0.4393  36  0.035657  0.0837805
0.4393  36  0.033979  0.0764664
0.4393  36  0.0323011  0.0697449
0.4393  60  0.176818  2.56047
0.4393  60  0.172425  1.96334
0.4393  60  0.168032  1.57647
0.4393  60  0.163639  1.30543
0.4393  60  0.159246  1.10497
0.4393  60  0.154853  0.950696
0.4393  60  0.15046  0.8283
0.4393  60  0.146067  0.728824
0.4393  60  0.141674  0.646382
0.4393  60  0.137281  0.576943
0.4393  60  0.132888  0.517657
0.4393  60  0.128495  0.466447
0.4393  60  0.124102  0.421769
0.4393  60  0.119709  0.382448
0.4393  60  0.115316  0.347576
0.4393  60  0.110923  0.316437
0.4393  60  0.10653  0.288462
0.4393  60  0.102137  0.263193
0.4393  60  0.0977442  0.240255
0.4393  60  0.0933512  0.21934
0.4393  60  0.0889582  0.200192
0.4393  60  0.0845652  0.182595
0.4393  60  0.0801723  0.166368
0.4393  60  0.0757792  0.151358
0.4393  60  0.0713862  0.137433
0.4393  60  0.0669932  0.124478
0.4393  90  0.327279  2.61085
0.4393  90  0.318493  2.20993
0.4393  90  0.309706  1.90139
0.4393  90  0.30092  1.6566
0.4393  90  0.292134  1.45765
0.4393  90  0.283348  1.29276
0.4393  90  0.274562  1.15389
0.4393  90  0.265776  1.03531
0.4393  90  0.25699  0.932894
0.4393  90  0.248204  0.843538
0.4393  90  0.239418  0.764897
0.4393  90  0.230632  0.695152
0.4393  90  0.221847  0.632874
0.4393  90  0.213061  0.576925
0.4393  90  0.204274  0.526387
0.4393  90  0.195488  0.480511
0.4393  90  0.186702  0.438681
0.4393  90  0.177917  0.400383
0.4393  90  0.169131  0.365189
0.4393  90  0.160345  0.332736
0.4393  90  0.151559  0.302716
0.4393  90  0.142772  0.274865
0.4393  90  0.133987  0.248956
0.4393  90  0.1252  0.224793
0.4393  90  0.116415  0.202206
0.4393  90  0.107628  0.181044
0.4393  90  0.0988425  0.161177
0.4393  90  0.0900565  0.14249
0.4393  144.5  0.537935  2.81594
0.4393  144.5  0.521996  2.48809
0.4393  144.5  0.506058  2.21408
0.4393  144.5  0.490119  1.98165
0.4393  144.5  0.47418  1.782
0.4393  144.5  0.458241  1.60866
0.4393  144.5  0.442302  1.45674
0.4393  144.5  0.426363  1.32251
0.4393  144.5  0.410425  1.20304
0.4393  144.5  0.394486  1.09603
0.4393  144.5  0.378547  0.999631
0.4393  144.5  0.362608  0.912332
0.4393  144.5  0.346669  0.832904
0.4393  144.5  0.33073  0.76033
0.4393  144.5  0.314792  0.693758
0.4393  144.5  0.298853  0.632474
0.4393  144.5  0.282914  0.575872
0.4393  144.5  0.266975  0.523435
0.4393  144.5  0.251036  0.474719
0.4393  144.5  0.235098  0.429343
0.4393  144.5  0.219159  0.386973
0.4393  144.5  0.20322  0.347321
0.4393  144.5  0.187281  0.310134
0.4393  144.5  0.171342  0.275188
0.4393  144.5  0.155403  0.242287
0.4393  144.5  0.139465  0.211256
0.4694  54  0.167991  2.53602
0.4694  54  0.16505  2.05022
0.4694  54  0.161374  1.64113
0.4694  54  0.158549  1.41524
0.4694  54  0.155762  1.24073
0.4694  54  0.152279  1.06916
0.4694  54  0.149609  0.962874
0.4694  54  0.146978  0.874148
0.4694  54  0.143185  0.767632
0.4694  54  0.14067  0.707858
0.4694  54  0.138193  0.655765
0.4694  54  0.134555  0.589185
0.4694  54  0.132195  0.55122
0.4694  54  0.129834  0.516713
0.4694  54  0.126506  0.473084
0.4694  54  0.1243  0.446956
0.4694  54  0.122133  0.423174
0.4694  54  0.118921  0.390947
0.4694  54  0.116831  0.371695
0.4694  54  0.11478  0.353969
0.4694  54  0.107505  0.299002
0.4694  54  0.0988752  0.24633
0.4694  54  0.0905163  0.204822
0.4694  54  0.079642  0.161004
0.4694  54  0.0701608  0.129775
0.4694  54  0.0617245  0.106139
0.4694  54  0.0543717  0.0880948
0.4694  54  0.0478316  0.0737108
0.4694  54  0.0420268  0.0620728
0.4694  54  0.0370734  0.0528806
0.4694  54  0.0326617  0.0452084
0.4694  54  0.0287918  0.0388431
0.4999  36  0.0911761  2.16907
0.4999  36  0.0892667  1.4682
0.4999  36  0.0873573  1.09793
0.4999  36  0.0854478  0.868982
0.4999  36  0.0835384  0.713416
0.4999  36  0.0816289  0.600823
0.4999  36  0.0797195  0.515559
0.4999  36  0.07781  0.44875
0.4999  36  0.0759006  0.39499
0.4999  36  0.0739911  0.350796
0.4999  36  0.0720817  0.313823
0.4999  36  0.0701722  0.282435
0.4999  36  0.0682628  0.255455
0.4999  36  0.0663533  0.232017
0.4999  36  0.0644439  0.211464
0.4999  36  0.0625344  0.193296
0.4999  36  0.060625  0.17712
0.4999  36  0.0587155  0.162626
0.4999  36  0.0568061  0.149563
0.4999  36  0.0548966  0.137731
0.4999  36  0.0529872  0.126963
0.4999  36  0.0510777  0.117122
0.4999  36  0.0491683  0.108092
0.4999  36  0.0472588  0.099778
0.4999  36  0.0453494  0.0920977
0.4999  36  0.0434399  0.0849813
0.4999  36  0.0415305  0.0783689
0.4999  36  0.039621  0.0722088
0.4999  36  0.0377116  0.066456
0.4999  36  0.0358022  0.0610716
0.4999  60  0.226205  2.54311
0.4999  60  0.221206  2.05365
0.4999  60  0.216207  1.70943
0.4999  60  0.211208  1.45415
0.4999  60  0.206209  1.25729
0.4999  60  0.20121  1.10086
0.4999  60  0.196211  0.973553
0.4999  60  0.191212  0.867936
0.4999  60  0.186213  0.778899
0.4999  60  0.181214  0.702823
0.4999  60  0.176215  0.637068
0.4999  60  0.171216  0.579669
0.4999  60  0.166217  0.529128
0.4999  60  0.161218  0.484284
0.4999  60  0.156219  0.444227
0.4999  60  0.15122  0.408228
0.4999  60  0.146221  0.3757
0.4999  60  0.141222  0.346165
0.4999  60  0.136223  0.319228
0.4999  60  0.131224  0.294559
0.4999  60  0.126225  0.271886
0.4999  60  0.121226  0.250973
0.4999  60  0.116227  0.231625
0.4999  60  0.111228  0.213672
0.4999  60  0.106229  0.196968
0.4999  60  0.10123  0.181388
0.4999  60  0.0962307  0.166821
0.4999  60  0.0912317  0.153172
0.4999  60  0.0862327  0.140357
0.4999  60  0.0812337  0.128302
0.4999  60  0.0762347  0.11694
0.4999  90  0.417416  2.6995
0.4999  90  0.407418  2.34969
0.4999  90  0.39742  2.0682
0.4999  90  0.387422  1.83679
0.4999  90  0.377424  1.6432
0.4999  90  0.367426  1.47885
0.4999  90  0.357428  1.33758
0.4999  90  0.34743  1.21485
0.4999  90  0.337432  1.10724
0.4999  90  0.327434  1.01211
0.4999  90  0.317436  0.927413
0.4999  90  0.307438  0.851519
0.4999  90  0.29744  0.783125
0.4999  90  0.287442  0.72117
0.4999  90  0.277444  0.664787
0.4999  90  0.267446  0.613256
0.4999  90  0.257448  0.565977
0.4999  90  0.24745  0.522445
0.4999  90  0.237452  0.48223
0.4999  90  0.227455  0.444968
0.4999  90  0.217456  0.410345
0.4999  90  0.207458  0.37809
0.4999  90  0.19746  0.347968
0.4999  90  0.187462  0.319775
0.4999  90  0.177464  0.293331
0.4999  90  0.167467  0.268478
0.4999  90  0.157469  0.245076
0.4999  90  0.147471  0.223003
0.4999  90  0.137472  0.202148
0.4999  90  0.127474  0.182413
0.4999  90  0.117476  0.16371
0.4999  90  0.107478  0.14596
0.4999  144.5  0.630279  2.20389
0.4999  144.5  0.612142  2.00866
0.4999  144.5  0.594004  1.83609
0.4999  144.5  0.575866  1.68243
0.4999  144.5  0.557729  1.54475
0.4999  144.5  0.539591  1.42068
0.4999  144.5  0.521454  1.30829
0.4999  144.5  0.503316  1.206
0.4999  144.5  0.485179  1.11252
0.4999  144.5  0.467041  1.02675
0.4999  144.5  0.448904  0.947775
0.4999  144.5  0.430766  0.874821
0.4999  144.5  0.412629  0.807223
0.4999  144.5  0.394491  0.744413
0.4999  144.5  0.376354  0.685899
0.4999  144.5  0.358216  0.631255
0.4999  144.5  0.340079  0.580109
0.4999  144.5  0.321941  0.532136
0.4999  144.5  0.303804  0.48705
0.4999  144.5  0.285666  0.444597
0.4999  144.5  0.267529  0.404553
0.4999  144.5  0.249391  0.366719
0.4999  144.5  0.231253  0.330918
0.4999  144.5  0.213116  0.296988
0.4999  144.5  0.194978  0.264788
0.4999  144.5  0.176841  0.234189
0.4999  144.5  0.158703  0.205073
0.5  60  0.22  1.95395
0.5  60  0.215  1.63675
0.5  60  0.21  1.39885
0.5  60  0.205  1.21382
0.5  60  0.2  1.06579
0.5  60  0.195  0.944677
0.5  60  0.19  0.84375
0.5  60  0.185  0.75835
0.5  60  0.18  0.68515
0.5  60  0.175  0.62171
0.5  60  0.17  0.5662
0.5  60  0.165  0.517221
0.5  60  0.16  0.473684
0.5  60  0.155  0.43473
0.5  60  0.15  0.399671
0.5  60  0.145  0.367951
0.5  60  0.14  0.339115
0.5  60  0.135  0.312786
0.5  60  0.13  0.288651
0.5  60  0.125  0.266447
0.5  60  0.12  0.245951
0.5  60  0.115  0.226974
0.5  60  0.11  0.209351
0.5  60  0.105  0.192945
0.507  134.5  0.613656  2.16279
0.507  134.5  0.602963  2.04139
0.507  134.5  0.59227  1.9292
0.507  134.5  0.582956  1.83819
0.507  134.5  0.57278  1.74518
0.507  134.5  0.562604  1.65823
0.507  134.5  0.515519  1.32012
0.507  134.5  0.506551  1.26553
0.507  134.5  0.497582  1.21354
0.507  134.5  0.461191  1.02573
0.507  134.5  0.453084  0.988319
0.507  134.5  0.445151  0.953067
0.507  134.5  0.43394  0.90542
0.507  134.5  0.426351  0.87452
0.507  134.5  0.418935  0.845317
0.507  134.5  0.335803  0.573
0.507  134.5  0.329939  0.55693
0.507  134.5  0.324248  0.541661
0.558  54  0.233374  2.45293
0.558  54  0.22928  2.05003
0.558  54  0.22721  1.8889
0.558  54  0.223253  1.63646
0.558  54  0.219297  1.43742
0.558  54  0.218699  1.41094
0.558  54  0.214881  1.25972
0.558  54  0.211109  1.1352
0.558  54  0.208532  1.06137
0.558  54  0.204898  0.969708
0.558  54  0.201264  0.890061
0.558  54  0.196111  0.793521
0.558  54  0.192661  0.737558
0.558  54  0.189257  0.687954
0.558  54  0.184243  0.623377
0.558  54  0.181022  0.586419
0.558  54  0.177848  0.552943
0.558  54  0.173294  0.509362
0.558  54  0.170258  0.48286
0.558  54  0.167268  0.458518
0.558  54  0.162805  0.425076
0.558  54  0.158573  0.396168
0.558  54  0.150476  0.347285
0.558  54  0.138424  0.286912
0.558  54  0.127383  0.241486
0.558  54  0.116526  0.203794
0.558  54  0.102541  0.163066
0.558  54  0.0903042  0.133046
0.558  54  0.0794475  0.109881
0.558  54  0.0699248  0.0917797
0.558  54  0.0614142  0.0770961
0.558  54  0.0541917  0.0656031
0.558  54  0.0476593  0.0558921
0.558  54  0.0421849  0.0482095
0.558  54  0.0369405  0.0412087
0.558  54  0.0325702  0.035625
0.5603  36  0.113963  2.18455
0.5603  36  0.111823  1.57645
0.5603  36  0.109683  1.22279
0.5603  36  0.107543  0.991505
0.5603  36  0.105403  0.828444
0.5603  36  0.103263  0.707301
0.5603  36  0.101122  0.613753
0.5603  36  0.0989822  0.539336
0.5603  36  0.096842  0.478725
0.5603  36  0.0947019  0.428405
0.5603  36  0.0925617  0.38596
0.5603  36  0.0904216  0.349675
0.5603  36  0.0882814  0.3183
0.5603  36  0.0861413  0.290901
0.5603  36  0.0840011  0.266768
0.5603  36  0.081861  0.24535
0.5603  36  0.0797208  0.226213
0.5603  36  0.0775806  0.209011
0.5603  36  0.0754405  0.193464
0.5603  36  0.0733003  0.179345
0.5603  36  0.0711602  0.166466
0.5603  36  0.06902  0.154669
0.5603  36  0.0668799  0.143825
0.5603  36  0.0647397  0.133822
0.5603  36  0.0625996  0.124567
0.5603  36  0.0604594  0.115977
0.5603  36  0.0583192  0.107985
0.5603  36  0.0561791  0.100529
0.5603  36  0.0540389  0.0935577
0.5603  36  0.0518988  0.0870251
0.5603  36  0.0497586  0.0808911
0.5603  36  0.0476185  0.0751202
0.5603  36  0.0454783  0.0696813
0.5603  36  0.0433382  0.0645463
0.5603  36  0.041198  0.0596906
0.5603  36  0.0390578  0.0550919
0.5603  60  0.281551  2.59579
0.5603  60  0.275948  2.16889
0.5603  60  0.270345  1.85174
0.5603  60  0.264742  1.60683
0.5603  60  0.259139  1.412
0.5603  60  0.253536  1.25332
0.5603  60  0.247933  1.12158
0.5603  60  0.24233  1.01046
0.5603  60  0.236727  0.91546
0.5603  60  0.231124  0.833319
0.5603  60  0.225521  0.761589
0.5603  60  0.219918  0.698409
0.5603  60  0.214315  0.642335
0.5603  60  0.208712  0.592233
0.5603  60  0.203109  0.547197
0.5603  60  0.197506  0.506495
0.5603  60  0.191903  0.469531
0.5603  60  0.1863  0.435813
0.5603  60  0.180697  0.40493
0.5603  60  0.175094  0.37654
0.5603  60  0.169491  0.350352
0.5603  60  0.163888  0.32612
0.5603  60  0.158285  0.303632
0.5603  60  0.152682  0.282708
0.5603  60  0.147079  0.263188
0.5603  60  0.141476  0.244937
0.5603  60  0.135873  0.227835
0.5603  60  0.13027  0.211776
0.5603  60  0.124667  0.196667
0.5603  60  0.119064  0.182428
0.5603  60  0.113461  0.168984
0.5603  60  0.107858  0.156272
0.5603  60  0.102255  0.144232
0.5603  60  0.0966517  0.132814
0.5603  60  0.0910487  0.121969
0.5603  60  0.0854457  0.111657
0.5603  90  0.518277  2.824
0.5603  90  0.507071  2.50664
0.5603  90  0.495865  2.24316
0.5603  90  0.484659  2.02091
0.5603  90  0.473453  1.83092
0.5603  90  0.462247  1.66664
0.5603  90  0.451041  1.52318
0.5603  90  0.439835  1.39682
0.5603  90  0.428629  1.28467
0.5603  90  0.417424  1.18447
0.5603  90  0.406217  1.09439
0.5603  90  0.395012  1.01299
0.5603  90  0.383805  0.939063
0.5603  90  0.372599  0.871625
0.5603  90  0.361393  0.80986
0.5603  90  0.350187  0.753079
0.5603  90  0.338981  0.700704
0.5603  90  0.327775  0.65224
0.5603  90  0.31657  0.607265
0.5603  90  0.305363  0.565415
0.5603  90  0.294157  0.526376
0.5603  90  0.282951  0.489874
0.5603  90  0.271745  0.455669
0.5603  90  0.260539  0.423551
0.5603  90  0.249333  0.393335
0.5603  90  0.238127  0.364856
0.5603  90  0.226921  0.337969
0.5603  90  0.215715  0.312544
0.5603  90  0.204509  0.288465
0.5603  90  0.193303  0.265628
0.5603  90  0.182097  0.243939
0.5603  90  0.170892  0.223313
0.5603  90  0.159686  0.203675
0.5603  90  0.148479  0.184955
0.5603  90  0.137273  0.167091
0.5603  90  0.126068  0.150024
0.5603  90  0.114862  0.133703
0.5603  144.5  0.716596  1.83768
0.5603  144.5  0.696268  1.70357
0.5603  144.5  0.675939  1.58123
0.5603  144.5  0.65561  1.46918
0.5603  144.5  0.635281  1.36617
0.5603  144.5  0.614952  1.27116
0.5603  144.5  0.594623  1.18324
0.5603  144.5  0.574294  1.10165
0.5603  144.5  0.553965  1.02573
0.5603  144.5  0.533636  0.954908
0.5603  144.5  0.513307  0.888689
0.5603  144.5  0.492978  0.826637
0.5603  144.5  0.472649  0.768371
0.5603  144.5  0.45232  0.713555
0.5603  144.5  0.431991  0.661891
0.5603  144.5  0.411662  0.613114
0.5603  144.5  0.391333  0.566991
0.5603  144.5  0.371004  0.523308
0.5603  144.5  0.350675  0.481879
0.5603  144.5  0.330346  0.442533
0.5603  144.5  0.310017  0.405116
0.5603  144.5  0.289688  0.36949
0.5603  144.5  0.269359  0.33553
0.5603  144.5  0.24903  0.303122
0.5603  144.5  0.228701  0.272161
0.5603  144.5  0.208372  0.242552
0.5603  144.5  0.188043  0.214209
0.6198  36  0.139086  2.29468
0.6198  36  0.136719  1.72238
0.6198  36  0.134351  1.36893
0.6198  36  0.131984  1.12895
0.6198  36  0.129617  0.955352
0.6198  36  0.127249  0.823941
0.6198  36  0.124882  0.721005
0.6198  36  0.122514  0.638193
0.6198  36  0.120147  0.57013
0.6198  36  0.117779  0.513197
0.6198  36  0.115412  0.464871
0.6198  36  0.113045  0.423337
0.6198  36  0.110677  0.387257
0.6198  36  0.10831  0.355623
0.6198  36  0.105942  0.327661
0.6198  36  0.103575  0.302767
0.6198  36  0.101207  0.280462
0.6198  36  0.09884  0.260362
0.6198  36  0.0964726  0.242156
0.6198  36  0.0941052  0.225588
0.6198  36  0.0917377  0.210446
0.6198  36  0.0893703  0.196554
0.6198  36  0.0870029  0.183763
0.6198  36  0.0846355  0.171947
0.6198  36  0.082268  0.161
0.6198  36  0.0799006  0.150827
0.6198  36  0.0775332  0.141351
0.6198  36  0.0751658  0.132502
0.6198  36  0.0727983  0.12422
0.6198  36  0.0704309  0.116451
0.6198  36  0.0680635  0.10915
0.6198  36  0.0656961  0.102276
0.6198  36  0.0633286  0.0957919
0.6198  36  0.0609612  0.0896657
0.6198  36  0.0585938  0.0838687
0.6198  36  0.0562264  0.0783749
0.6198  36  0.0538589  0.0731612
0.6198  36  0.0514915  0.0682067
0.6198  36  0.0491241  0.0634925
0.6198  36  0.0467567  0.0590016
0.6198  36  0.0443892  0.0547184
0.6198  60  0.342439  2.7115
0.6198  60  0.336241  2.318
0.6198  60  0.330043  2.01464
0.6198  60  0.323845  1.77364
0.6198  60  0.317647  1.57756
0.6198  60  0.311449  1.41492
0.6198  60  0.305251  1.27782
0.6198  60  0.299053  1.1607
0.6198  60  0.292855  1.05948
0.6198  60  0.286657  0.971127
0.6198  60  0.280459  0.893337
0.6198  60  0.274261  0.824323
0.6198  60  0.268063  0.762678
0.6198  60  0.261865  0.707282
0.6198  60  0.255667  0.65723
0.6198  60  0.249469  0.611785
0.6198  60  0.243271  0.570339
0.6198  60  0.237073  0.532386
0.6198  60  0.230875  0.497502
0.6198  60  0.224677  0.46533
0.6198  60  0.218479  0.435565
0.6198  60  0.212281  0.407947
0.6198  60  0.206083  0.382251
0.6198  60  0.199885  0.358284
0.6198  60  0.193687  0.335877
0.6198  60  0.187489  0.314882
0.6198  60  0.181291  0.29517
0.6198  60  0.175093  0.276627
0.6198  60  0.168895  0.259152
0.6198  60  0.162697  0.242655
0.6198  60  0.156499  0.227056
0.6198  60  0.150301  0.212284
0.6198  60  0.144103  0.198275
0.6198  60  0.137905  0.184971
0.6198  60  0.131707  0.172321
0.6198  60  0.125509  0.160276
0.6198  60  0.119311  0.148796
0.6198  60  0.113113  0.13784
0.6198  60  0.106915  0.127375
0.6198  60  0.100718  0.117367
0.6198  60  0.0945195  0.107787
0.6198  90  0.622899  2.82983
0.6198  90  0.610503  2.55565
0.6198  90  0.598107  2.3214
0.6198  90  0.585711  2.11896
0.6198  90  0.573315  1.94225
0.6198  90  0.560919  1.78667
0.6198  90  0.548523  1.64865
0.6198  90  0.536127  1.52536
0.6198  90  0.523731  1.41456
0.6198  90  0.511335  1.31446
0.6198  90  0.498939  1.22357
0.6198  90  0.486543  1.14068
0.6198  90  0.474147  1.06477
0.6198  90  0.461751  0.995004
0.6198  90  0.449355  0.93066
0.6198  90  0.436959  0.87113
0.6198  90  0.424563  0.815894
0.6198  90  0.412167  0.764502
0.6198  90  0.399771  0.716568
0.6198  90  0.387375  0.671754
0.6198  90  0.374979  0.629764
0.6198  90  0.362583  0.590341
0.6198  90  0.350187  0.553254
0.6198  90  0.337791  0.518304
0.6198  90  0.325395  0.48531
0.6198  90  0.312999  0.454112
0.6198  90  0.300603  0.424568
0.6198  90  0.288207  0.39655
0.6198  90  0.275811  0.369943
0.6198  90  0.263415  0.344641
0.6198  90  0.251019  0.320553
0.6198  90  0.238623  0.297592
0.6198  90  0.226227  0.275681
0.6198  90  0.213831  0.254749
0.6198  90  0.201435  0.234733
0.6198  90  0.189039  0.215574
0.6198  90  0.176643  0.197218
0.6198  90  0.164247  0.179615
0.6198  90  0.151851  0.16272
0.6198  90  0.139455  0.146491
0.6198  90  0.127059  0.130889
0.6198  144.5  0.98384  2.87594
0.6198  144.5  0.961352  2.66406
0.6198  144.5  0.938865  2.47314
0.6198  144.5  0.916377  2.3002
0.6198  144.5  0.893889  2.14282
0.6198  144.5  0.871401  1.99899
0.6198  144.5  0.848914  1.86703
0.6198  144.5  0.826426  1.74553
0.6198  144.5  0.803938  1.6333
0.6198  144.5  0.78145  1.52931
0.6198  144.5  0.758962  1.43268
0.6198  144.5  0.736475  1.34267
0.6198  144.5  0.713987  1.25862
0.6198  144.5  0.691499  1.17994
0.6198  144.5  0.669011  1.10615
0.6198  144.5  0.646524  1.0368
0.6198  144.5  0.624036  0.971502
0.6198  144.5  0.601548  0.909911
0.6198  144.5  0.57906  0.85172
0.6198  144.5  0.556572  0.796654
0.6198  144.5  0.534085  0.74447
0.6198  144.5  0.511597  0.694946
0.6198  144.5  0.489109  0.647884
0.6198  144.5  0.466621  0.603104
0.6198  144.5  0.444134  0.560446
0.6198  144.5  0.421646  0.519761
0.6198  144.5  0.399158  0.480916
0.6198  144.5  0.37667  0.443788
0.6198  144.5  0.354182  0.408267
0.6198  144.5  0.331695  0.37425
0.6198  144.5  0.309207  0.341644
0.6198  144.5  0.286719  0.310362
0.6198  144.5  0.264231  0.280325
0.6198  144.5  0.241744  0.251462
0.6198  144.5  0.219256  0.223703
0.6198  144.5  0.196768  0.196988
0.6525  54  0.318407  2.79995
0.6525  54  0.315233  2.5261
0.6525  54  0.315018  2.50929
0.6525  54  0.312812  2.34783
0.6525  54  0.309692  2.14887
0.6525  54  0.309477  2.13625
0.6525  54  0.307756  2.03982
0.6525  54  0.302322  1.78018
0.6525  54  0.296997  1.57637
0.6525  54  0.29194  1.41688
0.6525  54  0.28683  1.28122
0.6525  54  0.281773  1.16671
0.6525  54  0.277093  1.07468
0.6525  54  0.272252  0.990993
0.6525  54  0.267464  0.917772
0.6525  54  0.260578  0.82606
0.6525  54  0.256006  0.772503
0.6525  54  0.251487  0.724411
0.6525  54  0.244817  0.660899
0.6525  54  0.240513  0.623993
0.6525  54  0.236317  0.590676
0.6525  54  0.230185  0.546145
0.6525  54  0.22615  0.519234
0.6525  54  0.222169  0.494333
0.6525  54  0.212594  0.440304
0.6525  54  0.199845  0.37899
0.6525  54  0.187956  0.330455
0.6525  54  0.172894  0.278267
0.6525  54  0.159015  0.237429
0.6525  54  0.145567  0.20312
0.6525  54  0.133893  0.176786
0.6525  54  0.123242  0.155113
0.6525  54  0.112752  0.135663
0.6525  54  0.09925  0.113012
0.6525  54  0.0872539  0.094834
0.6525  54  0.0765489  0.0799539
0.6525  54  0.0677267  0.0685362
0.6525  54  0.0575596  0.0562295
0.6525  54  0.0469084  0.0442194
0.6673  36  0.161215  2.4687
0.6673  36  0.158666  1.88733
0.6673  36  0.156118  1.51814
0.6673  36  0.153569  1.2629
0.6673  36  0.15102  1.0759
0.6673  36  0.148471  0.933012
0.6673  36  0.145922  0.820265
0.6673  36  0.143373  0.729035
0.6673  36  0.140824  0.653698
0.6673  36  0.138276  0.590435
0.6673  36  0.135727  0.536558
0.6673  36  0.133178  0.490123
0.6673  36  0.130629  0.449687
0.6673  36  0.12808  0.414158
0.6673  36  0.125531  0.382694
0.6673  36  0.122982  0.354636
0.6673  36  0.120434  0.329458
0.6673  36  0.117885  0.306739
0.6673  36  0.115336  0.286135
0.6673  36  0.112787  0.267365
0.6673  36  0.110238  0.250193
0.6673  36  0.107689  0.234424
0.6673  36  0.10514  0.219893
0.6673  36  0.102592  0.20646
0.6673  36  0.100043  0.194004
0.6673  36  0.0974939  0.182423
0.6673  36  0.094945  0.171627
0.6673  36  0.0923961  0.16154
0.6673  36  0.0898473  0.152094
0.6673  36  0.0872984  0.143229
0.6673  36  0.0847496  0.134894
0.6673  36  0.0822007  0.127043
0.6673  36  0.0796518  0.119634
0.6673  36  0.077103  0.112631
0.6673  36  0.0745541  0.106002
0.6673  36  0.0720053  0.0997173
0.6673  36  0.0694564  0.0937511
0.6673  36  0.0669076  0.0880797
0.6673  36  0.0643587  0.0826818
0.6673  36  0.0618098  0.077538
0.6673  36  0.059261  0.0726307
0.6673  36  0.0567121  0.0679442
0.6673  36  0.0541633  0.0634637
0.6673  36  0.0516144  0.0591761
0.6673  36  0.0490655  0.055069
0.6673  36  0.0465167  0.0511314
0.6673  60  0.395375  2.81676
0.6673  60  0.388702  2.44266
0.6673  60  0.382029  2.14748
0.6673  60  0.375356  1.90864
0.6673  60  0.368683  1.7114
0.6673  60  0.36201  1.54578
0.6673  60  0.355337  1.40473
0.6673  60  0.348664  1.28316
0.6673  60  0.341991  1.17729
0.6673  60  0.335318  1.08428
0.6673  60  0.328645  1.00191
0.6673  60  0.321972  0.928448
0.6673  60  0.315299  0.862532
0.6673  60  0.308626  0.803053
0.6673  60  0.301953  0.749112
0.6673  60  0.29528  0.69997
0.6673  60  0.288607  0.655014
0.6673  60  0.281934  0.61373
0.6673  60  0.275261  0.575688
0.6673  60  0.268588  0.540518
0.6673  60  0.261915  0.507908
0.6673  60  0.255242  0.477588
0.6673  60  0.248569  0.449326
0.6673  60  0.241896  0.422917
0.6673  60  0.235223  0.398187
0.6673  60  0.22855  0.374979
0.6673  60  0.221877  0.353158
0.6673  60  0.215204  0.332602
0.6673  60  0.208531  0.313205
0.6673  60  0.201858  0.294872
0.6673  60  0.195185  0.277516
0.6673  60  0.188512  0.261063
0.6673  60  0.181839  0.245444
0.6673  60  0.175166  0.230596
0.6673  60  0.168493  0.216464
0.6673  60  0.16182  0.202997
0.6673  60  0.155147  0.19015
0.6673  60  0.148474  0.17788
0.6673  60  0.141801  0.16615
0.6673  60  0.135128  0.154925
0.6673  60  0.128455  0.144172
0.6673  60  0.121782  0.133864
0.6673  60  0.115109  0.123971
0.6673  60  0.108436  0.114471
0.6673  60  0.101763  0.10534
0.6673  90  0.710674  2.80946
0.6673  90  0.697328  2.56632
0.6673  90  0.683982  2.35459
0.6673  90  0.670636  2.16856
0.6673  90  0.65729  2.00381
0.6673  90  0.643944  1.8569
0.6673  90  0.630598  1.72506
0.6673  90  0.617252  1.60611
0.6673  90  0.603906  1.49822
0.6673  90  0.59056  1.39994
0.6673  90  0.577214  1.31003
0.6673  90  0.563868  1.22746
0.6673  90  0.550522  1.15138
0.6673  90  0.537176  1.08104
0.6673  90  0.52383  1.01582
0.6673  90  0.510484  0.955177
0.6673  90  0.497138  0.898651
0.6673  90  0.483792  0.845835
0.6673  90  0.470446  0.796373
0.6673  90  0.4571  0.749958
0.6673  90  0.443754  0.706315
0.6673  90  0.430408  0.665204
0.6673  90  0.417062  0.62641
0.6673  90  0.403716  0.589743
0.6673  90  0.39037  0.555033
0.6673  90  0.377024  0.522127
0.6673  90  0.363678  0.490887
0.6673  90  0.350332  0.461191
0.6673  90  0.336986  0.432927
0.6673  90  0.32364  0.405994
0.6673  90  0.310294  0.3803
0.6673  90  0.296949  0.35576
0.6673  90  0.283602  0.3323
0.6673  90  0.270256  0.30985
0.6673  90  0.25691  0.288345
0.6673  90  0.243564  0.267727
0.6673  90  0.230218  0.247943
0.6673  90  0.216872  0.228942
0.6673  90  0.203526  0.21068
0.6673  90  0.19018  0.193114
0.6673  90  0.176834  0.176204
0.6673  90  0.163489  0.159916
0.6673  90  0.150143  0.144214
0.6673  90  0.136797  0.129069
0.6673  144.5  1.05924  2.45632
0.6673  144.5  1.03503  2.30009
0.6673  144.5  1.01082  2.15636
0.6673  144.5  0.986606  2.0237
0.6673  144.5  0.962395  1.90087
0.6673  144.5  0.938183  1.78682
0.6673  144.5  0.913972  1.68064
0.6673  144.5  0.889761  1.58155
0.6673  144.5  0.86555  1.48885
0.6673  144.5  0.841339  1.40195
0.6673  144.5  0.817128  1.32032
0.6673  144.5  0.792916  1.2435
0.6673  144.5  0.768705  1.17107
0.6673  144.5  0.744494  1.10266
0.6673  144.5  0.720283  1.03795
0.6673  144.5  0.696072  0.976653
0.6673  144.5  0.67186  0.918499
0.6673  144.5  0.647649  0.863253
0.6673  144.5  0.623438  0.810705
0.6673  144.5  0.599227  0.760659
0.6673  144.5  0.575016  0.712943
0.6673  144.5  0.550804  0.667396
0.6673  144.5  0.526593  0.623874
0.6673  144.5  0.502382  0.582246
0.6673  144.5  0.478171  0.54239
0.6673  144.5  0.45396  0.504195
0.6673  144.5  0.429749  0.467559
0.6673  144.5  0.405537  0.43239
0.6673  144.5  0.381326  0.398601
0.6673  144.5  0.357115  0.366111
0.6673  144.5  0.332904  0.334848
0.6673  144.5  0.308693  0.304744
0.6673  144.5  0.284481  0.275734
0.6673  144.5  0.26027  0.247761
0.6673  144.5  0.236059  0.22077
0.6673  144.5  0.211848  0.19471
0.7903  54  0.459862  2.90009
0.7903  54  0.456343  2.70504
0.7903  54  0.451782  2.48454
0.7903  54  0.435168  1.8946
0.7903  54  0.42748  1.69748
0.7903  54  0.419987  1.53609
0.7903  54  0.410474  1.36456
0.7903  54  0.403242  1.25371
0.7903  54  0.39614  1.15799
0.7903  54  0.387344  1.05421
0.7903  54  0.380503  0.98288
0.7903  54  0.373857  0.920215
0.7903  54  0.365387  0.848422
0.7903  54  0.359002  0.799458
0.7903  54  0.352682  0.754789
0.7903  54  0.344603  0.702514
0.7903  54  0.338544  0.66645
0.7903  54  0.332615  0.633483
0.7903  54  0.32851  0.611888
0.7903  54  0.322711  0.582952
0.7903  54  0.317043  0.556306
0.7903  54  0.3074  0.514322
0.7903  54  0.290003  0.447686
0.7903  54  0.268502  0.378327
0.7903  54  0.246806  0.319615
0.7903  54  0.24635  0.318482
0.7903  54  0.224718  0.268862
0.7903  54  0.203087  0.226126
0.7903  54  0.181391  0.18883
0.7903  54  0.159433  0.155721
0.7903  54  0.137737  0.126791
0.7903  54  0.115845  0.100789
0.7903  54  0.0996866  0.0833555
0.7903  54  0.0940833  0.0776227
0.7903  54  0.0723217  0.0567346
0.7903  54  0.0506252  0.0378584
0.7903  88  0.813516  1.68684
0.7903  88  0.799329  1.59954
0.7903  88  0.785295  1.51898
0.7903  88  0.675616  1.03636
0.7903  88  0.663718  0.995754
0.7903  88  0.651972  0.957378
0.7903  88  0.583327  0.762079
0.7903  88  0.573107  0.736627
0.7903  88  0.563039  0.712347
0.7903  88  0.482954  0.543304
0.7903  88  0.392343  0.392191
0.7903  88  0.34719  0.328799
0.7903  88  0.324613  0.29954
0.7903  88  0.302037  0.271744
0.7903  88  0.256884  0.220119
0.7903  88  0.211121  0.17258
0.7903  108  1.07672  2.1259
0.7903  108  1.05769  2.01948
0.7903  108  1.03907  1.92195
0.7903  108  1.01176  1.78944
0.7903  108  0.993963  1.70919
0.7903  108  0.976583  1.63499
0.7903  108  0.951755  1.53553
0.7903  108  0.934996  1.47238
0.7903  108  0.918443  1.41291
0.7903  108  0.894236  1.33073
0.7903  108  0.878511  1.28016
0.7903  108  0.862993  1.23227
0.7903  108  0.840441  1.16601
0.7903  108  0.825544  1.12427
0.7903  108  0.811061  1.08514
0.7903  108  0.789336  1.02895
0.7903  108  0.775473  0.994574
0.7903  108  0.761818  0.961783
0.7903  108  0.741955  0.915876
0.7903  108  0.72892  0.886844
0.7903  108  0.716092  0.859076
0.7903  108  0.69685  0.818848
0.7903  108  0.684643  0.794171
0.7903  108  0.672642  0.770523
0.7903  108  0.655676  0.738078
0.7903  108  0.64409  0.716559
0.7903  108  0.632917  0.69628
0.7903  108  0.595261  0.63114
0.7903  108  0.584915  0.614063
0.7903  108  0.57457  0.597318
0.7903  108  0.532569  0.532563
0.7903  108  0.523258  0.518871
0.7903  108  0.513948  0.505407
0.9  85  0.959582  1.61821
0.9  85  0.930006  1.48382
0.9  85  0.902073  1.36954
0.9  85  0.875783  1.27166
0.9  85  0.851136  1.18734
0.9  85  0.824846  1.10441
0.9  85  0.800199  1.0325
0.9  85  0.777196  0.969937
0.9  85  0.754192  0.911349
0.9  85  0.731188  0.856365
0.9  85  0.708185  0.804665
0.9  85  0.688467  0.762745
0.9  85  0.667107  0.71963
0.9  85  0.647389  0.681799
0.9  85  0.629315  0.648662
0.9  85  0.609597  0.614085
0.9  85  0.591523  0.58374
0.9  85  0.575092  0.557206
0.9  85  0.557018  0.529112
0.9  85  0.540586  0.504511
0.9  85  0.524155  0.480756
0.9  85  0.507724  0.457806
0.9  85  0.494579  0.439997
0.9  85  0.479791  0.420523
1.1  85  1.22102  1.32251
1.1  85  1.18688  1.2426
1.1  85  1.15073  1.1636
1.1  85  1.11659  1.0938
1.1  85  1.08245  1.02822
1.1  85  1.05233  0.973575
1.1  85  1.02019  0.918338
1.1  85  0.990071  0.869198
1.1  85  0.961955  0.825476
1.1  85  0.931831  0.780767
1.1  85  0.903716  0.7409
1.1  85  0.877608  0.705389
1.1  85  0.851501  0.671243
1.1  85  0.825394  0.638386
1.1  85  0.801295  0.609138
1.1  85  0.779204  0.583193
1.1  85  0.755105  0.555789
1.1  85  0.733014  0.531455
1.1  85  0.710923  0.507838
1.1  85  0.688832  0.484907
1.1  85  0.66875  0.464632
1.1  85  0.650675  0.446832
2.7  15  0.473065  1.95422
2.7  15  0.470857  1.77956
2.7  15  0.468465  1.62106
2.7  15  0.466257  1.49678
2.7  15  0.463865  1.38096
2.7  15  0.461657  1.28803
2.7  15  0.459265  1.19971
2.7  15  0.457057  1.12761
2.7  15  0.454665  1.05803
2.7  15  0.452457  1.00046
2.7  15  0.450065  0.944241
2.7  15  0.447857  0.897221
2.7  15  0.445465  0.850846
2.7  15  0.443441  0.814853
2.7  15  0.441233  0.778579
2.7  15  0.439025  0.745077
2.7  15  0.436817  0.714042
2.7  15  0.434609  0.68521
2.7  15  0.432585  0.660522
2.7  15  0.430377  0.635307
2.7  15  0.428169  0.611713
2.7  15  0.425961  0.589591
2.7  15  0.423937  0.570489
2.7  15  0.421729  0.550826
2.7  15  0.419705  0.533791
2.7  15  0.417681  0.517628
2.7  15  0.415473  0.500913
2.7  15  0.413449  0.486368
2.7  15  0.411425  0.472513
2.7  15  0.409401  0.4593
2.7  15  0.407377  0.446685
2.7  15  0.405353  0.434629
2.7  15  0.403329  0.423094
2.7  15  0.401305  0.412049
2.7  15  0.399281  0.401462
2.7  15  0.397257  0.391305
2.7  15  0.395049  0.380686
2.7  15  0.393209  0.372183
2.7  15  0.391185  0.363171
2.7  15  0.389345  0.355274
2.7  15  0.387321  0.346893
2.7  15  0.385481  0.339538
2.7  15  0.383457  0.331724
2.7  15  0.381617  0.324859
2.7  15  0.379593  0.317556
2.7  15  0.377753  0.311132
2.7  15  0.375913  0.304904
2.7  15  0.373889  0.298269
2.7  15  0.372049  0.292423
2.7  15  0.370209  0.286748
2.7  15  0.368369  0.281235
2.7  15  0.366529  0.275878
2.7  15  0.364689  0.27067
2.7  15  0.363033  0.266105
2.7  15  0.361193  0.261164
2.7  15  0.359353  0.256355
2.7  15  0.357513  0.251673
2.7  15  0.355673  0.247114
2.7  15  0.353833  0.242671
2.7  15  0.351993  0.238342
2.814  8  0.151826  1.92636
2.814  8  0.151333  1.58127
2.814  8  0.15084  1.3397
2.814  8  0.150402  1.17865
2.814  8  0.149909  1.03748
2.814  8  0.149471  0.937085
2.814  8  0.148978  0.84457
2.814  8  0.14854  0.77604
2.814  8  0.148047  0.710751
2.814  8  0.147609  0.661007
2.814  8  0.147116  0.612478
2.814  8  0.146678  0.574733
2.814  8  0.146185  0.537248
2.814  8  0.145692  0.504145
2.814  8  0.145254  0.477807
2.814  8  0.144761  0.451123
2.814  8  0.144322  0.429657
2.814  8  0.143829  0.407691
2.814  8  0.143391  0.389859
2.814  8  0.142898  0.371462
2.814  8  0.14246  0.356414
2.814  8  0.141967  0.340782
2.814  8  0.141529  0.327913
2.814  8  0.141036  0.314466
2.814  8  0.140543  0.301995
2.814  8  0.140105  0.291645
2.814  8  0.139612  0.280749
2.814  8  0.139174  0.271667
2.814  8  0.138681  0.262065
2.814  8  0.138243  0.25403
3.258  8  0.20324  2.04349
3.258  8  0.202605  1.71377
3.258  8  0.201908  1.45399
3.258  8  0.201274  1.27688
3.258  8  0.20064  1.13744
3.258  8  0.200005  1.02482
3.258  8  0.199371  0.931964
3.258  8  0.198737  0.85408
3.258  8  0.198103  0.787821
3.258  8  0.197469  0.730765
3.258  8  0.196835  0.681118
3.258  8  0.196201  0.637526
3.258  8  0.195567  0.598944
3.258  8  0.194932  0.564556
3.258  8  0.194298  0.533714
3.258  8  0.193664  0.505895
3.258  8  0.19303  0.480676
3.258  8  0.192396  0.457708
3.258  8  0.191762  0.436704
3.258  8  0.191128  0.417421
3.258  8  0.190493  0.399657
3.258  8  0.189859  0.383239
3.258  8  0.189162  0.366557
3.258  8  0.188528  0.35251
3.258  8  0.187894  0.339415
3.258  8  0.187259  0.327179
3.258  8  0.186625  0.315719
3.258  8  0.185991  0.304965
3.258  8  0.185357  0.294853
3.258  8  0.184723  0.285327
3.258  8  0.184089  0.276338
3.258  8  0.183455  0.267841
3.258  8  0.18282  0.259797
3.258  8  0.182186  0.252172
3.258  8  0.181552  0.244932
3.258  8  0.180918  0.23805
3.258  8  0.180284  0.2315
3.258  8  0.17965  0.225257
3.258  8  0.179016  0.219302
3.258  8  0.178382  0.213615
3.258  8  0.177747  0.208177
3.258  8  0.17705  0.202465
3.258  8  0.176416  0.197502
3.258  8  0.175782  0.192743
3.258  8  0.175147  0.188176
3.258  8  0.174513  0.183789
3.258  8  0.173879  0.179572
3.258  8  0.173245  0.175516
3.3  15  0.737413  18.7125
3.3  15  0.733815  10.5688
3.3  15  0.730216  7.34204
3.3  15  0.726618  5.61175
3.3  15  0.72302  4.53286
3.3  15  0.719422  3.7958
3.3  15  0.715823  3.26033
3.3  15  0.712225  2.85369
3.3  15  0.708627  2.53439
3.3  15  0.705029  2.27701
3.3  15  0.70143  2.06513
3.3  15  0.697832  1.88767
3.3  15  0.694234  1.73687
3.3  15  0.690861  1.61472
3.3  15  0.687487  1.50765
3.3  15  0.684114  1.41303
3.3  15  0.680741  1.3288
3.3  15  0.677367  1.25335
3.3  15  0.673994  1.18537
3.3  15  0.670621  1.12381
3.3  15  0.667247  1.06779
3.3  15  0.663874  1.01659
3.3  15  0.660501  0.969634
3.3  15  0.657127  0.926401
3.3  15  0.653754  0.886468
3.3  15  0.650381  0.849471
3.3  15  0.647232  0.817314
3.3  15  0.644084  0.787222
3.3  15  0.640935  0.759002
3.3  15  0.637787  0.732485
3.3  15  0.634638  0.707521
3.3  15  0.631265  0.682348
3.3  15  0.628117  0.660197
3.3  15  0.624968  0.639236
3.3  15  0.62182  0.619372
3.3  15  0.618671  0.600522
3.3  15  0.615523  0.582609
3.3  15  0.612599  0.566755
3.3  15  0.609451  0.550463
3.3  15  0.606527  0.536012
3.3  15  0.603604  0.52217
3.3  15  0.600455  0.507904
3.3  15  0.597532  0.495212
3.3  15  0.594608  0.483023
3.3  15  0.59146  0.470426
3.3  15  0.588536  0.459191
3.3  15  0.585612  0.448376
3.3  15  0.582464  0.437172
3.3  15  0.579765  0.427914
3.3  15  0.576842  0.418226
3.3  15  0.574143  0.409582
3.3  15  0.571219  0.400526
3.3  15  0.568521  0.392437
3.3  15  0.565597  0.383954
3.3  15  0.562674  0.375746
3.3  15  0.559975  0.368404
3.3  15  0.557051  0.360692
3.3  15  0.554353  0.353786
3.3  15  0.551429  0.346525
3.3  15  0.54873  0.340018
3.6  15  0.871427  9.67455
3.6  15  0.867011  7.00038
3.6  15  0.86284  5.53979
3.6  15  0.858669  4.5758
3.6  15  0.854498  3.89194
3.6  15  0.850082  3.35559
3.6  15  0.845912  2.96567
3.6  15  0.841741  2.6542
3.6  15  0.837325  2.38613
3.6  15  0.833154  2.17639
3.6  15  0.828984  1.99892
3.6  15  0.824813  1.8468
3.6  15  0.820397  1.70775
3.6  15  0.816472  1.59961
3.6  15  0.812546  1.50348
3.6  15  0.808376  1.41239
3.6  15  0.80445  1.33547
3.6  15  0.800525  1.26586
3.6  15  0.796354  1.19879
3.6  15  0.792429  1.1413
3.6  15  0.788504  1.08857
3.6  15  0.784578  1.04004
3.6  15  0.780408  0.992542
3.6  15  0.776482  0.951226
3.6  15  0.772802  0.91516
3.6  15  0.769122  0.881422
3.6  15  0.765197  0.847753
3.6  15  0.761517  0.818162
3.6  15  0.757837  0.790307
3.6  15  0.753912  0.762344
3.6  15  0.750232  0.737628
3.6  15  0.746552  0.714243
3.6  15  0.742626  0.690648
3.6  15  0.738946  0.669694
3.6  15  0.735266  0.649783
3.6  15  0.731341  0.629608
3.6  15  0.727661  0.611619
3.6  15  0.724226  0.59558
3.6  15  0.720546  0.579148
3.6  15  0.717111  0.564468
3.6  15  0.713431  0.549398
3.6  15  0.709997  0.535911
3.6  15  0.706317  0.522042
3.6  15  0.702882  0.509608
3.6  15  0.699447  0.497639
3.6  15  0.695767  0.485302
3.6  15  0.692333  0.474216
3.6  15  0.688653  0.462773
3.651  8  0.255044  2.19212
3.651  8  0.254546  1.96589
3.651  8  0.253978  1.7577
3.651  8  0.253409  1.58871
3.651  8  0.252841  1.44879
3.651  8  0.252343  1.34472
3.651  8  0.251775  1.24231
3.651  8  0.251206  1.15402
3.651  8  0.250709  1.08619
3.651  8  0.25014  1.01754
3.651  8  0.249572  0.956801
3.651  8  0.249074  0.909112
3.651  8  0.248506  0.859918
3.651  8  0.247937  0.815583
3.651  8  0.247369  0.77542
3.651  8  0.246871  0.743256
3.651  8  0.246303  0.709478
3.651  8  0.245734  0.6785
3.651  8  0.245237  0.653427
3.651  8  0.244668  0.626839
3.651  8  0.2441  0.60222
3.651  8  0.243602  0.582127
3.651  8  0.243034  0.560656
3.651  8  0.242465  0.540621
3.651  8  0.241897  0.521885
3.651  8  0.2414  0.506459
3.651  8  0.240831  0.489838
3.651  8  0.240263  0.474202
3.651  8  0.239765  0.461262
3.651  8  0.239197  0.447251
3.651  8  0.238628  0.434005
3.651  8  0.23806  0.421464
3.651  8  0.237562  0.411025
3.651  8  0.236994  0.39966
3.651  8  0.236425  0.388857
3.651  8  0.235928  0.379833
3.651  8  0.235359  0.369975
3.651  8  0.234791  0.360573
3.651  8  0.234293  0.352694
3.651  8  0.233725  0.344063
3.651  8  0.233156  0.335805
3.651  8  0.232588  0.327896
3.651  8  0.23209  0.321246
3.651  8  0.231522  0.313936
3.9  15  0.974344  2.2189
3.9  15  0.96956  2.05029
3.9  15  0.96451  1.89661
3.9  15  0.959726  1.76966
3.9  15  0.954677  1.65176
3.9  15  0.949893  1.55274
3.9  15  0.945374  1.46876
3.9  15  0.94059  1.38846
3.9  15  0.936072  1.31965
3.9  15  0.931288  1.25323
3.9  15  0.92677  1.19581
3.9  15  0.921986  1.13996
3.9  15  0.917468  1.09132
3.9  15  0.912684  1.0437
3.9  15  0.908165  1.00198
3.9  15  0.903381  0.960892
3.9  15  0.899129  0.926771
3.9  15  0.894876  0.894699
3.9  15  0.890358  0.862667
3.9  15  0.886106  0.834277
3.9  15  0.881587  0.80582
3.9  15  0.877335  0.780513
3.9  15  0.872817  0.755064
3.9  15  0.868564  0.732363
3.9  15  0.864046  0.709469
3.9  15  0.859794  0.688991
3.9  15  0.855541  0.669476
3.9  15  0.851023  0.649721
3.9  15  0.84677  0.631988
3.9  15  0.842518  0.615032
3.9  15  0.838531  0.599797
3.9  15  0.834279  0.584208
3.9  15  0.830292  0.570178
3.9  15  0.82604  0.555798
3.9  15  0.822053  0.542835
3.9  15  0.817801  0.529528
3.9  15  0.813814  0.517514
3.9  15  0.809561  0.505165
3.9  15  0.805575  0.494
3.9  15  0.801322  0.482509
4.3  15  1.1745  2.14343
4.3  15  1.16864  1.99602
4.3  15  1.16277  1.86637
4.3  15  1.15662  1.74605
4.3  15  1.15076  1.64406
4.3  15  1.14519  1.5568
4.3  15  1.13962  1.47761
4.3  15  1.13406  1.40542
4.3  15  1.12849  1.33934
4.3  15  1.12292  1.27863
4.3  15  1.11735  1.22265
4.3  15  1.11179  1.17088
4.3  15  1.10622  1.12285
4.3  15  1.10065  1.07818
4.3  15  1.09508  1.03652
4.3  15  1.08951  0.997588
4.3  15  1.08395  0.961114
4.3  15  1.07867  0.928625
4.3  15  1.0734  0.897971
4.3  15  1.06812  0.869003
4.3  15  1.06314  0.843069
4.3  15  1.05787  0.817002
4.3  15  1.05259  0.792261
4.3  15  1.04732  0.768746
4.3  15  1.04204  0.746369
4.3  15  1.03677  0.72505
4.3  15  1.03149  0.704714
4.3  15  1.02622  0.685296
4.3  15  1.02124  0.667744
4.3  15  1.01626  0.65091
4.3  15  1.01127  0.634749
4.3  15  1.00629  0.619224
4.3  15  1.00131  0.604295
4.3  15  0.996329  0.589931
4.3  15  0.991347  0.5761
4.3  15  0.986366  0.562772
4.3  15  0.981384  0.54992
4.3  15  0.976402  0.53752
4.3  15  0.971714  0.526241
4.3  15  0.966732  0.514652
5.766  18  1.95057  0.449957
5.766  18  2.00599  0.483287
5.766  18  2.05696  0.516658
5.766  18  2.10386  0.549981
5.766  18  2.14715  0.583243
5.766  18  2.18751  0.61668
5.766  18  2.22487  0.649977
5.766  18  2.2597  0.683262
5.766  18  2.29232  0.716628
5.766  18  2.32286  0.749977
5.766  18  2.35147  0.783277
5.766  18  2.37845  0.816664
5.766  18  2.40379  0.849955
5.766  18  2.42772  0.883267
5.766  18  2.45041  0.916681
5.766  18  2.4718  0.949958
5.766  18  2.49207  0.9832
5.766  18  2.51143  1.01666
5.766  18  2.52971  1.0499
5.766  18  2.54715  1.08321
5.766  18  2.56386  1.11669
5.766  18  2.57966  1.14989
5.766  18  2.59485  1.18328
5.766  18  2.60935  1.21665
5.766  18  2.62318  1.24989
5.766  18  2.63644  1.28317
5.766  18  2.6492  1.31656
5.766  18  2.66145  1.34996
5.766  18  2.67313  1.38314
5.766  18  2.68448  1.41666
5.766  18  2.69531  1.44995
5.766  18  2.70576  1.48327
5.766  18  2.7158  1.51654
5.766  18  2.72551  1.5499
5.766  18  2.73488  1.58327
5.766  18  2.74391  1.6166
5.766  18  2.7526  1.64981
5.766  18  2.76107  1.68328
5.766  18  2.7692  1.71652
5.766  18  2.7771  1.74991
5.766  18  2.78472  1.78318
5.766  18  2.79211  1.81651
5.766  18  2.79928  1.84985
5.766  18  2.80622  1.88316
5.766  18  2.81299  1.91667
5.766  18  2.81948  1.94976
5.766  18  2.82586  1.98326
5.766  18  2.83201  2.01652
5.766  18  2.838  2.04981
5.766  18  2.84381  2.08309
5.766  18  2.84951  2.11666
5.766  18  2.85499  2.14979
5.766  18  2.86035  2.18313
5.766  18  2.8656  2.21667
5.766  18  2.87068  2.24999
5.766  18  2.87559  2.28305
5.766  18  2.88044  2.31659
5.766  18  2.88513  2.34979
5.766  18  2.8897  2.38302
5.766  18  2.89421  2.41666
5.766  18  2.89856  2.44984
5.766  18  2.90279  2.48296
5.766  18  2.90697  2.51642
5.766  18  2.91103  2.54976
5.766  18  2.91498  2.58294
5.766  18  2.91888  2.61641
5.766  18  2.92266  2.64966
5.766  18  2.92639  2.68316
5.766  18  2.93  2.71639
5.766  18  2.93355  2.74982
5.766  18  2.937  2.78291
5.766  18  2.94044  2.81672
5.766  18  2.94371  2.84957
5.766  18  2.94699  2.88312
5.766  18  2.9502  2.91679
5.766  18  2.95331  2.94996
5.766  18  2.95636  2.9832
5.766  18  2.95935  3.01649
5.766  18  2.96228  3.04981
5.766  18  2.96516  3.08316
5.766  18  2.96798  3.1165
5.766  18  2.97075  3.14981
5.766  22  2.66962  0.549957
5.766  22  2.73982  0.583268
5.766  22  2.80574  0.616639
5.766  22  2.86755  0.649951
5.766  22  2.92565  0.683231
5.766  22  2.98066  0.716646
5.766  22  3.03238  0.749926
5.766  22  3.08134  0.783223
5.766  22  3.12786  0.816627
5.766  22  3.17186  0.849935
5.766  22  3.21368  0.883259
5.766  22  3.25348  0.916606
5.766  22  3.29135  0.949925
5.766  22  3.32746  0.983245
5.766  22  3.36197  1.01661
5.766  22  3.39489  1.04992
5.766  22  3.42638  1.08323
5.766  22  3.45661  1.11664
5.766  22  3.48549  1.14995
5.766  22  3.51312  1.18316
5.766  22  3.53982  1.21661
5.766  22  3.56535  1.24989
5.766  22  3.58995  1.28325
5.766  22  3.61363  1.31662
5.766  22  3.63639  1.34992
5.766  22  3.65831  1.38321
5.766  22  3.67947  1.41653
5.766  22  3.69987  1.44984
5.766  22  3.71961  1.48321
5.766  22  3.73867  1.51657
5.766  22  3.75706  1.54986
5.766  22  3.77486  1.58319
5.766  22  3.79216  1.61666
5.766  22  3.80878  1.64988
5.766  22  3.82491  1.68313
5.766  22  3.84061  1.71655
5.766  22  3.85581  1.7499
5.766  22  3.8705  1.78315
5.766  22  3.88486  1.81662
5.766  22  3.89872  1.84988
5.766  22  3.91215  1.88309
5.766  22  3.92534  1.91661
5.766  22  3.93802  1.94978
5.766  22  3.95044  1.9832
5.766  22  3.96253  2.01663
5.766  22  3.97421  2.04978
5.766  22  3.98563  2.08309
5.766  22  3.9968  2.11654
5.766  22  4.00763  2.14983
5.766  22  4.01819  2.18314
5.766  22  4.02851  2.21653
5.766  22  4.03855  2.24983
5.766  22  4.04835  2.28312
5.766  22  4.05793  2.31652
5.766  22  4.06726  2.34982
5.766  22  4.0853  2.41651
5.766  22  4.09399  2.4498
5.766  22  4.11082  2.51649
5.766  22  4.12688  2.58309
5.766  22  4.13468  2.61649
5.766  22  4.16416  2.7498
5.766  22  4.17115  2.7831
5.766  22  4.17801  2.81649
5.766  26  3.43888  0.649959
5.766  26  3.5228  0.683243
5.766  26  3.60286  0.716664
5.766  26  3.67872  0.74995
5.766  26  3.75097  0.783225
5.766  26  3.82017  0.816652
5.766  26  3.886  0.849954
5.766  26  3.94891  0.883253
5.766  26  4.00925  0.91664
5.766  26  4.0669  0.949956
5.766  26  4.12211  0.983236
5.766  26  4.17521  1.01661
5.766  26  4.22609  1.04991
5.766  26  4.275  1.08322
5.766  26  4.32215  1.11662
5.766  26  4.36743  1.14995
5.766  26  4.41096  1.18322
5.766  26  4.4531  1.21663
5.766  26  4.4936  1.24993
5.766  26  4.53269  1.28324
5.766  26  4.57051  1.31661
5.766  26  4.60692  1.34987
5.766  26  4.64217  1.38316
5.766  26  4.67636  1.41656
5.766  26  4.70939  1.44989
5.766  26  4.74137  1.48321
5.766  26  4.77242  1.51661
5.766  26  4.80241  1.54989
5.766  26  4.83147  1.58314
5.766  26  4.85983  1.61659
5.766  26  4.88726  1.64992
5.766  26  4.91387  1.68321
5.766  26  4.93978  1.71658
5.766  26  4.96487  1.74984
5.766  26  4.98938  1.78324
5.766  26  5.01319  1.81661
5.766  26  5.0363  1.84989
5.766  26  5.05883  1.88321
5.766  26  5.08077  1.91655
5.766  26  5.10213  1.94987
5.766  26  5.1229  1.98312
5.766  26  5.16305  2.04989
5.766  26  5.20121  2.11661
5.766  26  5.23751  2.18323
5.766  26  5.25502  2.21653
5.766  32  3.74504  0.549964
5.766  32  3.88452  0.583241
5.766  32  4.01857  0.61666
5.766  32  4.14649  0.649952
5.766  32  4.26915  0.683247
5.766  32  4.38726  0.716655
5.766  32  4.50028  0.749945
5.766  32  4.60892  0.783236
5.766  32  4.71371  0.816616
5.766  32  4.81447  0.84996
5.766  32  4.91137  0.883249
5.766  32  5.00512  0.916659
5.766  32  5.09519  0.949935
5.766  32  5.1821  0.9832
5.766  32  5.26639  1.0166
5.766  32  5.3477  1.04994
5.766  32  5.4262  1.08324
5.766  32  5.50243  1.11665
5.766  32  5.57585  1.1499
5.766  32  5.64717  1.18324
5.766  32  5.71638  1.21664
5.766  32  5.78315  1.24987
5.766  32  5.84816  1.28323
5.766  32  5.91124  1.31659
5.766  32  5.9724  1.3499
5.766  32  6.0318  1.38321
5.766  32  6.08963  1.41659
5.766  32  6.1457  1.44989
5.766  32  6.2002  1.48317
5.766  32  6.25347  1.51661
5.766  32  6.30498  1.54984
5.766  32  6.35528  1.58316
5.766  32  6.40434  1.61654
5.766  32  6.452  1.64983
5.766  32  6.49861  1.68323
5.766  32  6.544  1.71659
5.766  32  6.58816  1.74988
5.766  32  6.63126  1.7832
5.766  32  6.67332  1.81651
5.766  32  6.7145  1.84992
5.766  32  6.75445  1.88313
5.766  32  6.7937  1.91653
5.766  32  6.8319  1.94981
5.766  32  6.9416  2.04984
5.766  40  2.80805  0.316684
5.766  40  3.04547  0.349978
5.766  40  3.27426  0.383278
5.766  40  3.4955  0.416681
5.766  40  3.7081  0.449956
5.766  40  3.91341  0.483243
5.766  40  4.11252  0.516666
5.766  40  4.30408  0.549937
5.766  40  4.4897  0.583275
5.766  40  4.66939  0.616631
5.766  40  4.84314  0.649948
5.766  40  5.01122  0.683225
5.766  40  5.17472  0.716626
5.766  40  5.33282  0.749942
5.766  40  5.48606  0.783232
5.766  40  5.63526  0.816632
5.766  40  5.7796  0.849914
5.766  40  5.9199  0.883219
5.766  40  6.05669  0.916638
5.766  40  6.18916  0.949933
5.766  40  6.31785  0.983193
5.766  40  6.44357  1.01659
5.766  40  6.56579  1.04996
5.766  40  6.6845  1.08324
5.766  40  6.80052  1.11664
5.766  40  6.91302  1.14989
5.766  40  7.02283  1.18319
5.766  40  7.13021  1.21659
5.766  40  7.23462  1.24989
5.766  40  7.3366  1.28324
5.766  40  7.43616  1.3166
5.766  40  7.53329  1.34994
5.766  40  7.62799  1.38323
5.766  40  7.72053  1.41655
5.766  40  7.81091  1.44986
5.766  40  7.8994  1.48323
5.766  40  7.98574  1.51654
5.766  40  8.07018  1.54986
5.766  40  8.15274  1.58318
5.766  40  8.23368  1.61657
5.766  40  8.38989  1.68314
5.766  40  8.46571  1.71651
5.766  50  3.26625  0.349996
5.766  50  3.53071  0.383283
5.766  50  3.789  0.416643
5.766  50  4.04028  0.449938
5.766  50  4.28538  0.483242
5.766  50  4.52513  0.51664
5.766  50  4.75829  0.549929
5.766  50  4.98609  0.583251
5.766  50  5.20895  0.616643
5.766  50  5.42604  0.649952
5.766  50  5.63819  0.683273
5.766  50  5.8458  0.716648
5.766  50  6.04806  0.749914
5.766  50  6.24621  0.783248
5.766  50  6.44023  0.816628
5.766  50  6.62972  0.849959
5.766  50  6.81468  0.883213
5.766  50  6.99676  0.916664
5.766  50  7.17389  0.949913
5.766  50  7.34773  0.983242
5.766  50  7.51827  1.01663
5.766  50  7.68469  1.0499
5.766  50  7.84782  1.08318
5.766  50  8.00847  1.11664
5.766  50  8.16501  1.1499
5.766  50  8.31866  1.1832
5.766  50  8.46984  1.21662
5.766  50  8.61732  1.24986
5.766  50  8.76232  1.28319
5.766  50  8.90485  1.31658
5.766  50  9.0445  1.34992
5.766  50  9.18126  1.3832
5.766  50  9.31596  1.41659
5.766  50  9.44778  1.44987
5.766  50  9.70483  1.51657
6.483  8  0.80026  3.0245
6.483  8  0.79862  2.76351
6.483  8  0.79698  2.54315
6.483  8  0.795339  2.35462
6.483  8  0.793825  2.20325
6.483  8  0.792185  2.05927
6.483  8  0.790292  1.91428
6.483  8  0.78903  1.82813
6.483  8  0.78739  1.72673
6.483  8  0.785875  1.64231
7.257  8  1.00004  3.01084
7.257  8  0.998067  2.78463
7.257  8  0.997643  2.74041
7.257  8  0.99609  2.58932
7.257  8  0.994395  2.44197
7.257  8  0.994112  2.41898
7.257  8  0.992135  2.26911
7.257  8  0.991287  2.21026
7.257  8  0.990016  2.12731
7.257  8  0.98818  2.01761
7.257  8  0.988039  2.00962
7.257  8  0.986061  1.90386
7.257  8  0.984931  1.84811
7.257  8  0.984084  1.80832
7.257  8  0.981965  1.71568
7.257  8  0.981824  1.70983
7.257  8  0.978716  1.5901
7.257  8  0.975609  1.48542
7.257  8  0.97236  1.38918
7.257  8  0.969252  1.30762
7.257  8  0.966145  1.23466
7.257  8  0.962896  1.16619
7.257  8  0.959789  1.10707
7.257  8  0.956681  1.05333
7.257  8  0.953432  1.00213
7.257  8  0.950325  0.957321
7.257  8  0.947217  0.916093
7.257  8  0.943969  0.876369
7.257  8  0.940861  0.841241
7.257  8  0.937754  0.808615
7.257  8  0.934646  0.778231
7.257  8  0.931398  0.748622
7.257  8  0.92829  0.722162
7.257  8  0.925183  0.697348
7.257  8  0.921934  0.673005
7.257  8  0.918826  0.651114
7.257  8  0.915719  0.630467
7.257  8  0.91247  0.610101
7.257  8  0.909363  0.59169
7.257  8  0.906255  0.574243
7.257  8  0.903148  0.557685
7.257  8  0.899899  0.541254
7.257  8  0.896791  0.526316
7.257  8  0.893684  0.512085
7.257  8  0.890435  0.49791
7.257  8  0.887328  0.484977
7.257  8  0.88422  0.472614
7.257  8  0.880972  0.46026
7.257  8  0.877864  0.448953
7.257  8  0.874757  0.438114
7.257  8  0.871649  0.427714
7.257  8  0.8684  0.417282
7.257  8  0.865293  0.407701
7.257  8  0.862185  0.398486
7.959  8  1.19996  3.00211
7.959  8  1.19841  2.86378
7.959  8  1.19763  2.79917
7.959  8  1.19546  2.63246
7.959  8  1.19515  2.61021
7.959  8  1.19283  2.45426
7.959  8  1.19236  2.42521
7.959  8  1.19097  2.34192
7.959  8  1.18927  2.24735
7.959  8  1.18803  2.18308
7.959  8  1.18632  2.10028
7.959  8  1.18555  2.06461
7.959  8  1.18322  1.96428
7.959  8  1.18322  1.96428
7.959  8  1.18075  1.8671
7.959  8  1.18013  1.84423
7.959  8  1.17842  1.78402
7.959  8  1.17703  1.73748
7.959  8  1.17408  1.64648
7.959  8  1.17099  1.56003
7.959  8  1.16789  1.48181
7.959  8  1.16494  1.41411
7.959  8  1.16185  1.34889
7.959  8  1.15875  1.28912
8.606  8  1.39734  2.82058
8.606  8  1.39382  2.60617
8.606  8  1.3903  2.42119
8.606  8  1.38695  2.26717
8.606  8  1.38343  2.12456
8.606  8  1.38008  2.00392
8.606  8  1.37673  1.89574
8.606  8  1.37321  1.79357
8.606  8  1.3697  1.70141
8.606  8  1.36635  1.62164
8.606  8  1.36283  1.5452
8.606  8  1.35948  1.47849
8.606  8  1.35596  1.41406
8.606  8  1.35244  1.35472
8.607  8  1.40035  3.00902
8.607  8  1.3975  2.81026
8.607  8  1.39482  2.64516
8.607  8  1.39197  2.48917
8.607  8  1.38912  2.35002
8.607  8  1.38627  2.22511
8.607  8  1.38359  2.1187
8.607  8  1.38074  2.01587
8.607  8  1.37806  1.92746
8.607  8  1.37505  1.83648
9.21  8  1.60009  3.0024
9.21  8  1.59705  2.82743
9.21  8  1.59364  2.65388
9.21  8  1.59041  2.50746
9.21  8  1.58719  2.37585
9.21  8  1.58414  2.26322
9.21  8  1.58073  2.14889
9.21  8  1.57769  2.0556
9.21  8  1.57446  1.96492
9.21  8  1.57141  1.88603
9.778  8  1.79641  2.82388
9.778  8  1.79298  2.67639
9.778  8  1.78937  2.53602
9.778  8  1.78575  2.40916
9.778  8  1.78213  2.29394
9.778  8  1.77852  2.18883
9.778  8  1.7749  2.09256
9.778  8  1.77148  2.00853
9.778  8  1.76767  1.92241
9.778  8  1.76501  1.86619
10.316  8  2.00006  3.00231
10.316  8  1.99625  2.84435
10.316  8  1.99203  2.68745
10.316  8  1.98801  2.55278
10.316  8  1.9842  2.43633
10.316  8  1.98018  2.32429
10.316  8  1.97617  2.22171
10.316  8  1.97195  2.12291
10.316  8  1.96794  2.03631
10.316  8  1.96412  1.96005
10.95  8  2.2255  2.33456
10.95  8  2.21868  2.18948
10.95  8  2.21164  2.05685
10.95  8  2.20482  1.94205
10.95  8  2.198  1.83878
10.95  8  2.19118  1.74539
10.95  8  2.18415  1.65801
10.95  8  2.17733  1.58077
10.95  8  2.17051  1.50999
10.95  8  2.16348  1.44293
10.95  8  2.15666  1.383
10.95  8  2.14984  1.3275
10.95  8  2.1428  1.27443
10.95  8  2.13598  1.22657
10.95  8  2.12916  1.18189
10.95  8  2.12234  1.1401
10.95  8  2.11531  1.09974
10.95  8  2.10849  1.06301
10.95  8  2.10167  1.02844
10.95  8  2.09463  0.994848
10.95  8  2.08781  0.964112
10.95  8  2.08099  0.935034
10.95  8  2.07396  0.906647
10.95  8  2.06714  0.88055
10.95  8  2.06032  0.855755
10.95  8  2.0535  0.832167
10.95  8  2.04647  0.809014
10.95  8  2.03965  0.787621
10.95  8  2.03283  0.767197
10.95  8  2.02579  0.747083
10.95  8  2.01897  0.728436
10.95  8  2.01215  0.71058
10.95  8  2.00512  0.692943
10.95  8  1.9983  0.676546
10.95  8  1.99148  0.660803
10.95  8  1.98466  0.645674
10.95  8  1.97763  0.63068
10.95  8  1.97081  0.616695
10.95  8  1.96399  0.603226
10.95  8  1.95695  0.589847
10.95  8  1.95013  0.577342
10.95  8  1.94331  0.565273
10.95  8  1.93628  0.553262
10.95  8  1.92946  0.542013
10.95  8  1.92264  0.531137
10.95  8  1.91582  0.520617
10.95  8  1.90879  0.510121
10.95  8  1.90197  0.50027
10.95  8  1.89515  0.490725
10.95  8  1.88811  0.481188
10.95  8  1.88129  0.472223
10.95  8  1.87447  0.463525
10.95  8  1.86744  0.454821
10.95  8  1.86062  0.446628
10.95  8  1.8538  0.438667
10.95  8  1.84698  0.43093
10.95  8  1.83995  0.423175
10.95  8  1.83313  0.415863
10.95  8  1.8263  0.408748
10.95  8  1.81927  0.401607
10.954  8  2.25019  2.99778
10.954  8  2.24571  2.84258
10.954  8  2.24145  2.70851
10.954  8  2.23676  2.57442
10.954  8  2.23228  2.45779
10.954  8  2.2278  2.35086
10.954  8  2.22332  2.25247
10.954  8  2.21885  2.16163
10.954  8  2.21437  2.07751
10.954  8  2.20968  1.99581
11.558  8  2.50024  3.00082
11.558  8  2.49529  2.85349
11.558  8  2.49012  2.71364
11.558  8  2.48539  2.59697
11.558  8  2.48022  2.47973
11.558  8  2.47527  2.37668
11.558  8  2.47032  2.28149
11.558  8  2.46537  2.1933
11.558  8  2.4602  2.10776
11.558  8  2.45525  2.03166
12.685  8  3.00032  2.99972
12.685  8  2.99439  2.8648
12.685  8  2.98847  2.74103
12.685  8  2.98229  2.62252
12.685  8  2.97637  2.5176
12.685  8  2.97044  2.42039
12.685  8  2.96452  2.33005
12.685  8  2.95834  2.24251
12.685  8  2.95242  2.16414
12.685  8  2.94625  2.08782
14.696  8  3.99056  2.85442
14.696  8  3.97025  2.5928
14.696  8  3.96024  2.47989
14.696  8  3.95223  2.39604
14.696  8  3.94422  2.31737
14.696  8  3.93621  2.24341
14.696  8  3.9282  2.17374
14.696  8  3.92248  2.12642
14.7  8  3.87548  1.78807
14.7  8  3.86346  1.71998
14.7  8  3.85144  1.65651
14.7  8  3.83971  1.59856
14.7  8  3.8277  1.54293
14.7  8  3.81597  1.49194
14.7  8  3.80395  1.44278
14.7  8  3.79193  1.39648
14.7  8  3.7802  1.3538
14.7  8  3.76818  1.31245
14.7  8  3.75645  1.27422
14.7  8  3.74444  1.23707
14.7  8  3.73242  1.2018
14.7  8  3.72069  1.16907
14.7  8  3.70867  1.13713
14.7  8  3.69665  1.1067
14.7  8  3.68492  1.07835
14.7  8  3.67291  1.0506
14.7  8  3.66118  1.0247
14.7  8  3.64916  0.999289
14.7  8  3.63714  0.974956
14.7  8  3.62541  0.952174
14.7  8  3.61339  0.929772
14.7  8  3.60166  0.908763
14.7  8  3.58965  0.88807
14.7  8  3.57763  0.868169
14.7  8  3.5659  0.849463
14.7  8  3.55388  0.830998
14.7  8  3.54186  0.813201
14.7  8  3.53013  0.796439
14.7  8  3.51812  0.779861
14.7  8  3.50639  0.764226
14.7  8  3.49437  0.748745
14.7  8  3.48235  0.733779
14.7  8  3.47062  0.71964
14.7  8  3.4586  0.705617
14.7  8  3.44687  0.692356
14.7  8  3.43486  0.67919
14.7  8  3.42284  0.666428
14.7  8  3.41111  0.654342
14.7  8  3.39909  0.642325
14.7  8  3.38707  0.630661
14.7  8  3.37534  0.619601
14.7  8  3.36333  0.60859
14.7  8  3.3516  0.59814
14.7  8  3.33958  0.587729
14.7  8  3.32756  0.577602
