0.15  60  0.0195  0.519572
0.15  60  0.01875  0.399671
0.15  60  0.018  0.319737
0.15  60  0.01725  0.262641
0.15  60  0.0165  0.219819
0.15  75  0.0277943  0.592457
0.15  75  0.0266825  0.473966
0.15  75  0.0255707  0.389329
0.15  75  0.024459  0.325851
0.15  75  0.0233472  0.27648
0.15  75  0.0222354  0.236983
0.15  75  0.0211237  0.204667
0.15  75  0.0200119  0.177737
0.15  75  0.0189001  0.15495
0.15  90  0.0375  0.799342
0.15  90  0.036  0.639473
0.15  90  0.0345  0.525282
0.15  90  0.033  0.439638
0.15  90  0.0315  0.373026
0.15  90  0.03  0.319737
0.15  90  0.0285  0.276136
0.15  90  0.027  0.239803
0.15  90  0.0255  0.209059
0.15  90  0.024  0.182707
0.15  90  0.0225  0.159868
0.15  90  0.021  0.139885
0.15  90  0.0195  0.122252
0.15  145  0.0682182  1.45412
0.15  145  0.0627607  0.955567
0.15  145  0.0573033  0.678591
0.15  145  0.0518458  0.502334
0.15  145  0.0463884  0.380309
0.15  145  0.0409309  0.290825
0.15  145  0.0354735  0.222395
0.2  60  0.035  0.746052
0.2  60  0.033  0.502443
0.2  60  0.031  0.367105
0.2  60  0.029  0.280981
0.2  60  0.027  0.221356
0.2  60  0.025  0.177632
0.2  60  0.023  0.144195
0.2  75  0.0518827  1.10592
0.2  75  0.0489179  0.744803
0.2  75  0.0459532  0.544183
0.2  75  0.0429885  0.416515
0.2  75  0.0400238  0.32813
0.2  75  0.037059  0.263314
0.2  75  0.0340943  0.213749
0.2  75  0.0311296  0.174619
0.2  75  0.0281649  0.142942
0.2  75  0.0252002  0.116774
0.2  75  0.0222354  0.0947931
0.2  75  0.0192707  0.0760685
0.2  90  0.07  1.4921
0.2  90  0.066  1.00489
0.2  90  0.062  0.73421
0.2  90  0.058  0.561961
0.2  90  0.054  0.442712
0.2  90  0.05  0.355263
0.2  90  0.046  0.28839
0.2  90  0.042  0.235595
0.2  90  0.038  0.192857
0.2  90  0.034  0.157551
0.2  90  0.03  0.127895
0.2  90  0.026  0.102632
0.2  145  0.123702  2.19734
0.2  145  0.116426  1.55107
0.2  145  0.109149  1.1633
0.2  145  0.101873  0.904788
0.2  145  0.0945959  0.720138
0.2  145  0.0873193  0.58165
0.2  145  0.0800427  0.473937
0.2  145  0.0727661  0.387766
0.2  145  0.0654895  0.317263
0.2  145  0.0582129  0.258511
0.2  145  0.0509363  0.208797
0.25  34  0.0192333  0.409972
0.25  34  0.0183785  0.279822
0.25  34  0.0175236  0.207517
0.25  34  0.0166688  0.161504
0.25  34  0.015814  0.129649
0.25  34  0.0149592  0.106289
0.25  34  0.0141044  0.0884254
0.25  34  0.0132496  0.0743225
0.25  60  0.05375  0.818374
0.25  60  0.05125  0.606908
0.25  60  0.04875  0.472338
0.25  60  0.04625  0.379175
0.25  60  0.04375  0.310855
0.25  60  0.04125  0.258611
0.25  60  0.03875  0.217365
0.25  60  0.03625  0.183975
0.25  60  0.03375  0.156393
0.25  60  0.03125  0.133224
0.25  60  0.02875  0.113487
0.25  75  0.0833829  1.77737
0.25  75  0.079677  1.21313
0.25  75  0.075971  0.899657
0.25  75  0.0722651  0.700176
0.25  75  0.0685592  0.562074
0.25  75  0.0648533  0.4608
0.25  75  0.0611474  0.383354
0.25  75  0.0574415  0.322213
0.25  75  0.0537356  0.272718
0.25  75  0.0500297  0.231831
0.25  75  0.0463238  0.197486
0.25  75  0.0426179  0.168229
0.25  75  0.038912  0.143007
0.25  75  0.0352061  0.12104
0.25  75  0.0315002  0.101735
0.25  90  0.105  1.39885
0.25  90  0.1  1.06579
0.25  90  0.095  0.84375
0.25  90  0.09  0.68515
0.25  90  0.085  0.5662
0.25  90  0.08  0.473684
0.25  90  0.075  0.399671
0.25  90  0.07  0.339115
0.25  90  0.065  0.288651
0.25  90  0.06  0.245951
0.25  90  0.055  0.209351
0.25  90  0.05  0.177632
0.25  90  0.045  0.149877
0.25  90  0.04  0.125387
0.25  90  0.035  0.103618
0.25  145  0.191011  2.54472
0.25  145  0.181915  1.93883
0.25  145  0.172819  1.53491
0.25  145  0.163724  1.24639
0.25  145  0.154628  1.03
0.25  145  0.145532  0.861703
0.25  145  0.136436  0.727062
0.25  145  0.127341  0.616901
0.25  145  0.118245  0.5251
0.25  145  0.109149  0.447423
0.25  145  0.100053  0.380842
0.25  145  0.0909576  0.323139
0.25  145  0.0818618  0.272648
0.25  145  0.0727661  0.228098
0.25  145  0.0636703  0.188498
0.279  134.5  0.206905  1.80752
0.279  134.5  0.203109  1.66516
0.279  134.5  0.199313  1.53931
0.279  134.5  0.197414  1.4817
0.279  134.5  0.193618  1.37571
0.279  134.5  0.190771  1.30334
0.279  134.5  0.187923  1.23634
0.279  134.5  0.185076  1.17412
0.279  134.5  0.18128  1.09776
0.279  134.5  0.16989  0.905336
0.279  134.5  0.167043  0.864235
0.279  134.5  0.164196  0.825462
0.279  134.5  0.161348  0.788822
0.279  134.5  0.15945  0.765496
0.279  134.5  0.156603  0.732041
0.279  134.5  0.153755  0.700303
0.279  134.5  0.150908  0.670151
0.279  134.5  0.148061  0.64147
0.279  134.5  0.133824  0.516769
0.279  134.5  0.130977  0.495013
0.279  134.5  0.129079  0.481016
0.279  134.5  0.113893  0.381716
0.279  134.5  0.111995  0.370692
0.279  134.5  0.110096  0.359937
0.279  134.5  0.0996563  0.305209
0.279  134.5  0.0977581  0.295993
0.279  134.5  0.0958598  0.286984
0.279  134.5  0.0949107  0.282555
0.279  134.5  0.0930125  0.273845
0.279  134.5  0.0854197  0.240845
0.279  134.5  0.0844706  0.236915
0.279  134.5  0.0825723  0.229179
0.279  134.5  0.0740304  0.196271
0.279  134.5  0.0721322  0.189354
0.279  134.5  0.0711831  0.185946
0.279  134.5  0.0664375  0.169398
0.279  134.5  0.0654884  0.166183
0.279  134.5  0.0645393  0.162998
0.279  134.5  0.0597938  0.147517
0.279  134.5  0.0588447  0.144507
0.279  134.5  0.0578955  0.141524
0.3  34  0.0282088  0.601293
0.3  34  0.027183  0.413877
0.3  34  0.0261573  0.309757
0.3  34  0.0251315  0.243499
0.3  34  0.0241057  0.197628
0.3  34  0.0230799  0.163989
0.3  34  0.0220542  0.138265
0.3  34  0.0210284  0.117957
0.3  34  0.0200026  0.101517
0.3  34  0.0189768  0.0879361
0.3  34  0.0179511  0.0765281
0.3  34  0.0169253  0.0668103
0.3  34  0.0158995  0.0584328
0.3  60  0.0825  1.75855
0.3  60  0.0795  1.21043
0.3  60  0.0765  0.905921
0.3  60  0.0735  0.712141
0.3  60  0.0705  0.577986
0.3  60  0.0675  0.479605
0.3  60  0.0645  0.404373
0.3  60  0.0615  0.344979
0.3  60  0.0585  0.296898
0.3  60  0.0555  0.25718
0.3  60  0.0525  0.223816
0.3  60  0.0495  0.195395
0.3  60  0.0465  0.170894
0.3  60  0.0435  0.149554
0.3  60  0.0405  0.130801
0.3  60  0.0375  0.114192
0.3  60  0.0345  0.0993776
0.3  75  0.120071  2.13284
0.3  75  0.115624  1.54039
0.3  75  0.111177  1.18491
0.3  75  0.10673  0.947931
0.3  75  0.102283  0.778658
0.3  75  0.0978359  0.651703
0.3  75  0.0933888  0.55296
0.3  75  0.0889417  0.473966
0.3  75  0.0844946  0.409334
0.3  75  0.0800475  0.355474
0.3  75  0.0756005  0.309901
0.3  75  0.0711534  0.270837
0.3  75  0.0667063  0.236983
0.3  75  0.0622592  0.20736
0.3  75  0.0578121  0.181222
0.3  75  0.053365  0.157989
0.3  75  0.0489179  0.137201
0.3  75  0.0444709  0.118491
0.3  75  0.0400238  0.101564
0.3  90  0.159  2.42086
0.3  90  0.153  1.81184
0.3  90  0.147  1.42428
0.3  90  0.141  1.15597
0.3  90  0.135  0.95921
0.3  90  0.129  0.808746
0.3  90  0.123  0.689958
0.3  90  0.117  0.593797
0.3  90  0.111  0.514359
0.3  90  0.105  0.447631
0.3  90  0.099  0.390789
0.3  90  0.093  0.341788
0.3  90  0.087  0.299109
0.3  90  0.081  0.261603
0.3  90  0.075  0.228383
0.3  90  0.069  0.198755
0.3  90  0.063  0.172166
0.3  90  0.057  0.148171
0.3  90  0.051  0.126408
0.3  90  0.045  0.106579
0.3  90  0.039  0.0884378
0.3  145  0.27833  3.29601
0.3  145  0.267415  2.59098
0.3  145  0.2565  2.10289
0.3  145  0.245586  1.74495
0.3  145  0.234671  1.47123
0.3  145  0.223756  1.25514
0.3  145  0.212841  1.08021
0.3  145  0.201926  0.935697
0.3  145  0.191011  0.81431
0.3  145  0.180096  0.710905
0.3  145  0.169181  0.621763
0.3  145  0.158266  0.544124
0.3  145  0.147351  0.475895
0.3  145  0.136436  0.415464
0.3  145  0.125521  0.361566
0.3  145  0.114607  0.313196
0.3  145  0.103692  0.269545
0.3  145  0.0927768  0.229955
0.3  145  0.0818618  0.193883
0.3  145  0.0709469  0.160882
0.328  134.5  0.299033  2.65589
0.328  134.5  0.293454  2.40585
0.328  134.5  0.287875  2.19153
0.328  134.5  0.277833  1.87412
0.328  134.5  0.272254  1.72718
0.328  134.5  0.267791  1.62164
0.328  134.5  0.262212  1.50249
0.328  134.5  0.257749  1.41601
0.328  134.5  0.253286  1.33638
0.328  134.5  0.246591  1.2281
0.328  134.5  0.242128  1.16242
0.328  134.5  0.23878  1.11618
0.328  134.5  0.233201  1.0443
0.328  134.5  0.228738  0.991003
0.328  134.5  0.224275  0.941063
0.328  134.5  0.218696  0.882894
0.328  134.5  0.215349  0.85006
0.328  134.5  0.210886  0.808487
0.328  134.5  0.206422  0.76924
0.328  134.5  0.201959  0.732129
0.328  134.5  0.198612  0.705594
0.328  134.5  0.18857  0.631998
0.328  134.5  0.185222  0.609283
0.328  134.5  0.181875  0.587395
0.328  134.5  0.174064  0.53929
0.328  134.5  0.170717  0.519852
0.328  134.5  0.168485  0.507259
0.328  134.5  0.15398  0.431869
0.328  134.5  0.151748  0.421176
0.328  134.5  0.148401  0.405549
0.328  134.5  0.135011  0.347569
0.328  134.5  0.13278  0.338553
0.328  134.5  0.130548  0.329708
0.328  134.5  0.11939  0.287884
0.328  134.5  0.117159  0.279969
0.328  134.5  0.114927  0.272195
0.328  134.5  0.103769  0.235311
0.328  134.5  0.102653  0.231794
0.328  134.5  0.100422  0.224849
0.35  34  0.038894  0.829055
0.35  34  0.0376972  0.573961
0.35  34  0.0365005  0.432242
0.35  34  0.0353037  0.342058
0.35  34  0.034107  0.279622
0.35  34  0.0329103  0.233836
0.35  34  0.0317135  0.198823
0.35  34  0.0305168  0.171181
0.35  34  0.0293201  0.148805
0.35  34  0.0281233  0.13032
0.35  34  0.0269266  0.114792
0.35  34  0.0257298  0.101565
0.35  34  0.0245331  0.0901625
0.35  34  0.0233364  0.0802311
0.35  34  0.0221396  0.0715036
0.35  34  0.0209429  0.0637735
0.35  34  0.0197462  0.056879
0.35  34  0.0185494  0.0506917
0.35  60  0.112  1.98947
0.35  60  0.1085  1.44548
0.35  60  0.105  1.11908
0.35  60  0.1015  0.90148
0.35  60  0.098  0.746052
0.35  60  0.0945  0.629482
0.35  60  0.091  0.538816
0.35  60  0.0875  0.466283
0.35  60  0.084  0.406938
0.35  60  0.0805  0.357483
0.35  60  0.077  0.315638
0.35  60  0.0735  0.27977
0.35  60  0.07  0.248684
0.35  60  0.0665  0.221484
0.35  60  0.063  0.197484
0.35  60  0.0595  0.176151
0.35  60  0.056  0.157064
0.35  60  0.0525  0.139885
0.35  60  0.049  0.124342
0.35  60  0.0455  0.110212
0.35  60  0.042  0.0973112
0.35  60  0.0385  0.0854852
0.35  75  0.16343  2.48832
0.35  75  0.158242  1.87392
0.35  75  0.153054  1.48294
0.35  75  0.147866  1.21226
0.35  75  0.142677  1.01376
0.35  75  0.137489  0.861967
0.35  75  0.132301  0.74213
0.35  75  0.127113  0.64512
0.35  75  0.121924  0.564981
0.35  75  0.116736  0.497664
0.35  75  0.111548  0.44032
0.35  75  0.106359  0.390885
0.35  75  0.101171  0.34783
0.35  75  0.0959829  0.309993
0.35  75  0.0907947  0.27648
0.35  75  0.0856064  0.24659
0.35  75  0.0804181  0.219766
0.35  75  0.0752299  0.195559
0.35  75  0.0700416  0.173604
0.35  75  0.0648533  0.1536
0.35  75  0.0596651  0.135299
0.35  75  0.0544768  0.118491
0.35  75  0.0492885  0.103002
0.35  75  0.0441003  0.0886822
0.35  90  0.2135  2.52829
0.35  90  0.2065  2.00078
0.35  90  0.1995  1.63558
0.35  90  0.1925  1.36776
0.35  90  0.1855  1.16296
0.35  90  0.1785  1.00128
0.35  90  0.1715  0.870394
0.35  90  0.1645  0.762271
0.35  90  0.1575  0.671447
0.35  90  0.1505  0.594079
0.35  90  0.1435  0.527382
0.35  90  0.1365  0.469291
0.35  90  0.1295  0.418241
0.35  90  0.1225  0.373026
0.35  90  0.1155  0.332699
0.35  90  0.1085  0.296508
0.35  90  0.1015  0.263848
0.35  90  0.0945  0.234226
0.35  90  0.0875  0.207237
0.35  90  0.0805  0.182545
0.35  90  0.0735  0.159868
0.35  90  0.0665  0.138971
0.35  90  0.0595  0.11965
0.35  90  0.0525  0.101734
0.35  90  0.0455  0.0850761
0.35  145  0.356554  2.71437
0.35  145  0.34382  2.29025
0.35  145  0.331086  1.96037
0.35  145  0.318352  1.69648
0.35  145  0.305618  1.48056
0.35  145  0.292883  1.30063
0.35  145  0.280149  1.14839
0.35  145  0.267415  1.01789
0.35  145  0.254681  0.904788
0.35  145  0.241947  0.805827
0.35  145  0.229213  0.718508
0.35  145  0.216479  0.640892
0.35  145  0.203745  0.571445
0.35  145  0.191011  0.508943
0.35  145  0.178277  0.452394
0.35  145  0.165543  0.400986
0.35  145  0.152809  0.354048
0.35  145  0.140075  0.311021
0.35  145  0.127341  0.271437
0.35  145  0.114607  0.234897
0.35  145  0.101873  0.201064
0.35  145  0.0891385  0.169648
0.364  60  0.122668  2.42108
0.364  60  0.120484  1.94561
0.364  60  0.1183  1.61645
0.364  60  0.117572  1.52813
0.364  60  0.115388  1.30829
0.364  60  0.113568  1.16384
0.364  60  0.112476  1.08978
0.364  60  0.110292  0.963508
0.364  60  0.108472  0.87582
0.364  60  0.107016  0.814689
0.364  60  0.105196  0.747445
0.364  60  0.103376  0.688606
0.364  60  0.102284  0.656706
0.364  60  0.100464  0.608372
0.364  60  0.098644  0.565235
0.364  60  0.097916  0.549252
0.364  60  0.096096  0.51209
0.364  60  0.094276  0.478468
0.364  60  0.093548  0.465899
0.364  60  0.091728  0.436441
0.364  60  0.090272  0.414702
0.364  60  0.08918  0.399357
0.364  60  0.087724  0.380062
0.364  60  0.085904  0.357639
0.364  60  0.079352  0.289632
0.364  60  0.077896  0.276736
0.364  60  0.076804  0.267506
0.364  60  0.07098  0.223816
0.364  60  0.069888  0.216529
0.364  60  0.068432  0.207199
0.364  60  0.063336  0.177639
0.364  60  0.062244  0.171863
0.364  60  0.061152  0.166263
0.364  60  0.05642  0.143856
0.364  60  0.055692  0.140654
0.364  60  0.0546  0.135963
0.364  60  0.050596  0.119833
0.364  60  0.049504  0.115704
0.364  60  0.048776  0.113011
0.364  60  0.045136  0.10022
0.364  60  0.044044  0.0965877
0.364  60  0.043316  0.0942157
0.364  60  0.04004  0.0840043
0.364  60  0.039312  0.0818326
0.364  60  0.038584  0.0796946
0.367  134.5  0.363304  2.5474
0.367  134.5  0.355813  2.31233
0.367  134.5  0.349571  2.1412
0.367  134.5  0.343329  1.98867
0.367  134.5  0.337086  1.85187
0.367  134.5  0.330844  1.72848
0.367  134.5  0.315862  1.4765
0.367  134.5  0.30962  1.38651
0.367  134.5  0.304626  1.31978
0.367  134.5  0.297135  1.22746
0.367  134.5  0.290893  1.15683
0.367  134.5  0.285899  1.10401
0.367  134.5  0.278408  1.03029
0.367  134.5  0.273414  0.984466
0.367  134.5  0.269669  0.951689
0.367  134.5  0.262178  0.889894
0.367  134.5  0.258433  0.860734
0.367  134.5  0.253439  0.823513
0.367  134.5  0.245948  0.770967
0.367  134.5  0.242203  0.746061
0.367  134.5  0.237209  0.714165
0.367  134.5  0.224724  0.640397
0.367  134.5  0.220979  0.619781
0.367  134.5  0.217233  0.599805
0.367  134.5  0.197258  0.502955
0.367  134.5  0.193512  0.486423
0.367  134.5  0.191016  0.475659
0.367  134.5  0.173537  0.4056
0.367  134.5  0.17104  0.396288
0.367  134.5  0.167295  0.38262
0.367  134.5  0.152313  0.331293
0.367  134.5  0.149816  0.323223
0.367  134.5  0.147319  0.315283
0.367  134.5  0.134834  0.277423
0.367  134.5  0.132338  0.270199
0.367  134.5  0.129841  0.263085
0.367  134.5  0.118604  0.232366
0.367  134.5  0.116107  0.225814
0.367  134.5  0.114859  0.222574
0.4  34  0.0512887  1.09326
0.4  34  0.049921  0.760075
0.4  34  0.0485533  0.574973
0.4  34  0.0471856  0.457181
0.4  34  0.0458179  0.375633
0.4  34  0.0444502  0.31583
0.4  34  0.0430825  0.270099
0.4  34  0.0417148  0.233996
0.4  34  0.0403471  0.204769
0.4  34  0.0389794  0.180625
0.4  34  0.0376117  0.160345
0.4  34  0.036244  0.143068
0.4  34  0.0348763  0.128175
0.4  34  0.0335086  0.115204
0.4  34  0.0321409  0.103804
0.4  34  0.0307732  0.0937079
0.4  34  0.0294055  0.084703
0.4  34  0.0280378  0.0766216
0.4  34  0.0266701  0.0693286
0.4  34  0.0253024  0.0627141
0.4  34  0.0239347  0.0566875
0.4  34  0.022567  0.0511738
0.4  34  0.0211993  0.0461103
0.4  60  0.146  2.22293
0.4  60  0.142  1.68158
0.4  60  0.138  1.33708
0.4  60  0.134  1.09858
0.4  60  0.13  0.923684
0.4  60  0.126  0.789938
0.4  60  0.122  0.684349
0.4  60  0.118  0.598872
0.4  60  0.114  0.528261
0.4  60  0.11  0.468947
0.4  60  0.106  0.418421
0.4  60  0.102  0.374864
0.4  60  0.098  0.336927
0.4  60  0.094  0.303588
0.4  60  0.09  0.27406
0.4  60  0.086  0.247724
0.4  60  0.082  0.224089
0.4  60  0.078  0.20276
0.4  60  0.074  0.183415
0.4  60  0.07  0.165789
0.4  60  0.066  0.149664
0.4  60  0.062  0.134855
0.4  60  0.058  0.121207
0.4  60  0.054  0.10859
0.4  60  0.05  0.0968899
0.4  60  0.046  0.086011
0.4  75  0.210495  2.49271
0.4  75  0.204566  1.98204
0.4  75  0.198636  1.6285
0.4  75  0.192707  1.36923
0.4  75  0.186778  1.17097
0.4  75  0.180848  1.01445
0.4  75  0.174919  0.887745
0.4  75  0.168989  0.783073
0.4  75  0.16306  0.695149
0.4  75  0.15713  0.620251
0.4  75  0.151201  0.555684
0.4  75  0.145271  0.499448
0.4  75  0.139342  0.450028
0.4  75  0.133413  0.406256
0.4  75  0.127483  0.367217
0.4  75  0.121554  0.332181
0.4  75  0.115624  0.300563
0.4  75  0.109695  0.271887
0.4  75  0.103765  0.24576
0.4  75  0.0978359  0.221856
0.4  75  0.0919064  0.199904
0.4  75  0.085977  0.179673
0.4  75  0.0800475  0.160969
0.4  75  0.0741181  0.143626
0.4  75  0.0681886  0.127499
0.4  75  0.0622592  0.112466
0.4  75  0.0563298  0.0984191
0.4  75  0.0504003  0.0852636
0.4  90  0.276  2.67416
0.4  90  0.268  2.19717
0.4  90  0.26  1.84737
0.4  90  0.252  1.57988
0.4  90  0.244  1.3687
0.4  90  0.236  1.19774
0.4  90  0.228  1.05652
0.4  90  0.22  0.937894
0.4  90  0.212  0.836842
0.4  90  0.204  0.749727
0.4  90  0.196  0.673854
0.4  90  0.188  0.607177
0.4  90  0.18  0.54812
0.4  90  0.172  0.495448
0.4  90  0.164  0.448178
0.4  90  0.156  0.40552
0.4  90  0.148  0.36683
0.4  90  0.14  0.331579
0.4  90  0.132  0.299328
0.4  90  0.124  0.26971
0.4  90  0.116  0.242415
0.4  90  0.108  0.21718
0.4  90  0.1  0.19378
0.4  90  0.092  0.172022
0.4  90  0.084  0.151739
0.4  90  0.076  0.132787
0.4  90  0.068  0.115038
0.4  90  0.06  0.0983805
0.4  90  0.052  0.082718
0.4  145  0.465703  3.10213
0.4  145  0.45115  2.67128
0.4  145  0.436596  2.3266
0.4  145  0.422043  2.04459
0.4  145  0.40749  1.80958
0.4  145  0.392937  1.61072
0.4  145  0.378384  1.44028
0.4  145  0.36383  1.29255
0.4  145  0.349277  1.1633
0.4  145  0.334724  1.04925
0.4  145  0.320171  0.947874
0.4  145  0.305618  0.857168
0.4  145  0.291064  0.775533
0.4  145  0.276511  0.701673
0.4  145  0.261958  0.634527
0.4  145  0.247405  0.57322
0.4  145  0.232851  0.517022
0.4  145  0.218298  0.46532
0.4  145  0.203745  0.417595
0.4  145  0.189192  0.373405
0.4  145  0.174639  0.332371
0.4  145  0.160085  0.294168
0.4  145  0.145532  0.258511
0.4  145  0.130979  0.225155
0.4  145  0.116426  0.193883
0.4  145  0.101873  0.164507
0.45  34  0.0653931  1.39391
0.45  34  0.0638545  0.97222
0.45  34  0.0623158  0.73795
0.45  34  0.0607771  0.588869
0.45  34  0.0592385  0.485659
0.45  34  0.0576998  0.409972
0.45  34  0.0561612  0.352094
0.45  34  0.0546225  0.3064
0.45  34  0.0530838  0.26941
0.45  34  0.0515452  0.238853
0.45  34  0.0500065  0.213186
0.45  34  0.0484678  0.19132
0.45  34  0.0469292  0.172471
0.45  34  0.0453905  0.156054
0.45  34  0.0438519  0.141627
0.45  34  0.0423132  0.128848
0.45  34  0.0407745  0.117452
0.45  34  0.0392359  0.107224
0.45  34  0.0376972  0.0979934
0.45  34  0.0361586  0.0896218
0.45  34  0.0346199  0.0819944
0.45  34  0.0330812  0.0750162
0.45  34  0.0315426  0.0686076
0.45  34  0.0300039  0.0627016
0.45  34  0.0284652  0.0572414
0.45  34  0.0269266  0.0521783
0.45  34  0.0253879  0.0474705
0.45  34  0.0238493  0.0430818
0.45  60  0.1845  2.45798
0.45  60  0.18  1.91842
0.45  60  0.1755  1.55872
0.45  60  0.171  1.30179
0.45  60  0.1665  1.10909
0.45  60  0.162  0.95921
0.45  60  0.1575  0.839309
0.45  60  0.153  0.741208
0.45  60  0.1485  0.659457
0.45  60  0.144  0.590283
0.45  60  0.1395  0.530991
0.45  60  0.135  0.479605
0.45  60  0.1305  0.434642
0.45  60  0.126  0.394969
0.45  60  0.1215  0.359704
0.45  60  0.117  0.328151
0.45  60  0.1125  0.299753
0.45  60  0.108  0.27406
0.45  60  0.1035  0.250703
0.45  60  0.099  0.229376
0.45  60  0.0945  0.209827
0.45  60  0.09  0.191842
0.45  60  0.0855  0.17524
0.45  60  0.081  0.159868
0.45  60  0.0765  0.145594
0.45  60  0.072  0.132305
0.45  60  0.0675  0.119901
0.45  60  0.063  0.108298
0.45  60  0.0585  0.0974198
0.45  60  0.054  0.0872009
0.45  60  0.0495  0.0775832
0.45  75  0.266825  2.84379
0.45  75  0.260155  2.31058
0.45  75  0.253484  1.92972
0.45  75  0.246813  1.64407
0.45  75  0.240143  1.4219
0.45  75  0.233472  1.24416
0.45  75  0.226801  1.09874
0.45  75  0.220131  0.977554
0.45  75  0.21346  0.875013
0.45  75  0.206789  0.787121
0.45  75  0.200119  0.710948
0.45  75  0.193448  0.644297
0.45  75  0.186778  0.585487
0.45  75  0.180107  0.533211
0.45  75  0.173436  0.486438
0.45  75  0.166766  0.444343
0.45  75  0.160095  0.406256
0.45  75  0.153424  0.371632
0.45  75  0.146754  0.340019
0.45  75  0.140083  0.31104
0.45  75  0.133413  0.284379
0.45  75  0.126742  0.25977
0.45  75  0.120071  0.236983
0.45  75  0.113401  0.215824
0.45  75  0.10673  0.196124
0.45  75  0.100059  0.177737
0.45  75  0.0933888  0.160537
0.45  75  0.0867182  0.144411
0.45  75  0.0800475  0.129263
0.45  75  0.0733769  0.115006
0.45  75  0.0667063  0.101564
0.45  75  0.0600357  0.0888685
0.45  90  0.3465  2.84074
0.45  90  0.3375  2.39803
0.45  90  0.3285  2.05948
0.45  90  0.3195  1.79221
0.45  90  0.3105  1.57585
0.45  90  0.3015  1.39711
0.45  90  0.2925  1.24697
0.45  90  0.2835  1.11908
0.45  90  0.2745  1.00882
0.45  90  0.2655  0.912797
0.45  90  0.2565  0.828409
0.45  90  0.2475  0.753665
0.45  90  0.2385  0.687002
0.45  90  0.2295  0.627176
0.45  90  0.2205  0.573187
0.45  90  0.2115  0.524219
0.45  90  0.2025  0.479605
0.45  90  0.1935  0.438788
0.45  90  0.1845  0.401302
0.45  90  0.1755  0.366757
0.45  90  0.1665  0.334819
0.45  90  0.1575  0.305203
0.45  90  0.1485  0.277666
0.45  90  0.1395  0.251996
0.45  90  0.1305  0.228009
0.45  90  0.1215  0.205545
0.45  90  0.1125  0.184463
0.45  90  0.1035  0.164641
0.45  90  0.0945  0.145967
0.45  90  0.0855  0.128345
0.45  90  0.0765  0.111689
0.45  90  0.0675  0.095921
0.45  90  0.0585  0.0809723
0.476  60  0.209916  3.19609
0.476  60  0.203728  2.26178
0.476  60  0.200396  1.94164
0.476  60  0.196588  1.66287
0.476  60  0.193732  1.49621
0.476  60  0.1904  1.33504
0.476  60  0.187068  1.20105
0.476  60  0.183736  1.08791
0.476  60  0.18088  1.00406
0.476  60  0.177548  0.918586
0.476  60  0.174692  0.854059
0.476  60  0.171836  0.796265
0.476  60  0.168504  0.736023
0.476  60  0.165648  0.689632
0.476  60  0.162792  0.647395
0.476  60  0.159936  0.608779
0.476  60  0.15946  0.602662
0.476  60  0.156604  0.56771
0.476  60  0.153748  0.5355
0.476  60  0.143276  0.436291
0.476  60  0.140896  0.417126
0.476  60  0.138516  0.398997
0.476  60  0.132328  0.356146
0.476  60  0.129948  0.341126
0.476  60  0.127568  0.326828
0.476  60  0.122808  0.300201
0.476  60  0.120428  0.287782
0.476  60  0.118524  0.278241
0.476  60  0.098532  0.195194
0.476  60  0.097104  0.190243
0.476  60  0.0952  0.18381
0.476  60  0.086632  0.157026
0.476  60  0.084728  0.151514
0.476  60  0.0833  0.147475
0.476  60  0.069496  0.112224
0.476  60  0.068544  0.11002
0.476  60  0.067116  0.106763
0.476  60  0.052836  0.0771398
0.476  60  0.051884  0.0753371
0.476  60  0.050932  0.0735539
0.5  34  0.0812072  1.73099
0.5  34  0.0794975  1.21039
0.5  34  0.0777879  0.921172
0.5  34  0.0760783  0.737122
0.5  34  0.0743687  0.609702
0.5  34  0.072659  0.516261
0.5  34  0.0709494  0.444806
0.5  34  0.0692398  0.388395
0.5  34  0.0675302  0.342728
0.5  34  0.0658205  0.305003
0.5  34  0.0641109  0.273315
0.5  34  0.0624013  0.246321
0.5  34  0.0606917  0.22305
0.5  34  0.058982  0.202782
0.5  34  0.0572724  0.184971
0.5  34  0.0555628  0.169195
0.5  34  0.0538532  0.155125
0.5  34  0.0521435  0.142497
0.5  34  0.0504339  0.131102
0.5  34  0.0487243  0.120767
0.5  34  0.0470147  0.11135
0.5  34  0.045305  0.102735
0.5  34  0.0435954  0.0948235
0.5  34  0.0418858  0.0875322
0.5  34  0.0401762  0.0807912
0.5  34  0.0384665  0.0745404
0.5  34  0.0367569  0.0687283
0.5  34  0.0350473  0.0633102
0.5  34  0.0333377  0.0582474
0.5  34  0.031628  0.0535061
0.5  34  0.0299184  0.0490565
0.5  34  0.0282088  0.0448726
0.5  34  0.0264992  0.0409312
0.5  60  0.22  1.95395
0.5  60  0.215  1.63675
0.5  60  0.21  1.39885
0.5  60  0.205  1.21382
0.5  60  0.2  1.06579
0.5  60  0.195  0.944677
0.5  60  0.19  0.84375
0.5  60  0.185  0.75835
0.5  60  0.18  0.68515
0.5  60  0.175  0.62171
0.5  60  0.17  0.5662
0.5  60  0.165  0.517221
0.5  60  0.16  0.473684
0.5  60  0.155  0.43473
0.5  60  0.15  0.399671
0.5  60  0.145  0.367951
0.5  60  0.14  0.339115
0.5  60  0.135  0.312786
0.5  60  0.13  0.288651
0.5  60  0.125  0.266447
0.5  60  0.12  0.245951
0.5  60  0.115  0.226974
0.5  60  0.11  0.209351
0.5  60  0.105  0.192945
0.5  60  0.1  0.177632
0.5  60  0.2275  2.69408
0.5  60  0.2225  2.1558
0.5  60  0.2175  1.78315
0.5  60  0.2125  1.50987
0.5  60  0.2075  1.30089
0.5  60  0.2025  1.13591
0.5  60  0.1975  1.00235
0.5  60  0.1925  0.892019
0.5  60  0.1875  0.799342
0.5  60  0.1825  0.720394
0.5  60  0.1775  0.652336
0.5  60  0.1725  0.59306
0.5  60  0.1675  0.540969
0.5  60  0.1625  0.494831
0.5  60  0.1575  0.45368
0.5  60  0.1525  0.416751
0.5  60  0.1475  0.383424
0.5  60  0.1425  0.353198
0.5  60  0.1375  0.325658
0.5  60  0.1325  0.300462
0.5  60  0.1275  0.277323
0.5  60  0.1225  0.255998
0.5  60  0.1175  0.236283
0.5  60  0.1125  0.218002
0.5  60  0.1075  0.201004
0.5  60  0.1025  0.185158
0.5  60  0.0975  0.170352
0.5  60  0.0925  0.156485
0.5  60  0.0875  0.143472
0.5  60  0.0825  0.131235
0.5  60  0.0775  0.119708
0.5  60  0.0725  0.108831
0.5  60  0.0675  0.098549
0.5  60  0.0625  0.0888158
0.5  60  0.0575  0.0795881
0.5  75  0.322414  2.64327
0.5  75  0.315002  2.23817
0.5  75  0.30759  1.92839
0.5  75  0.300178  1.68382
0.5  75  0.292766  1.48584
0.5  75  0.285355  1.3223
0.5  75  0.277943  1.18491
0.5  75  0.270531  1.06789
0.5  75  0.263119  0.966999
0.5  75  0.255707  0.87913
0.5  75  0.248296  0.801911
0.5  75  0.240884  0.733518
0.5  75  0.233472  0.672519
0.5  75  0.22606  0.617776
0.5  75  0.218648  0.568373
0.5  75  0.211237  0.523567
0.5  75  0.203825  0.482743
0.5  75  0.196413  0.445393
0.5  75  0.189001  0.411093
0.5  75  0.181589  0.379482
0.5  75  0.174178  0.350258
0.5  75  0.166766  0.323158
0.5  75  0.159354  0.297961
0.5  75  0.151942  0.274472
0.5  75  0.14453  0.252523
0.5  75  0.137118  0.231967
0.5  75  0.129707  0.212677
0.5  75  0.122295  0.194538
0.5  75  0.114883  0.177451
0.5  75  0.107471  0.161326
0.5  75  0.100059  0.146085
0.5  75  0.0926476  0.131657
0.5  75  0.0852358  0.117978
0.5  75  0.077824  0.104992
0.5  75  0.0704122  0.0926476
0.5  75  0.0630004  0.0808977
0.5  145  0.673086  2.75911
0.5  145  0.654895  2.49278
0.5  145  0.636703  2.26197
0.5  145  0.618512  2.06001
0.5  145  0.60032  1.88181
0.5  145  0.582129  1.72341
0.5  145  0.563937  1.58168
0.5  145  0.545746  1.45412
0.5  145  0.527554  1.33872
0.5  145  0.509363  1.2338
0.5  145  0.491171  1.13801
0.5  145  0.47298  1.0502
0.5  145  0.454788  0.969416
0.5  145  0.436596  0.894846
0.5  145  0.418405  0.825799
0.5  145  0.400213  0.761684
0.5  145  0.382022  0.701991
0.5  145  0.36383  0.646277
0.5  145  0.345639  0.594158
0.5  145  0.327447  0.545297
0.5  145  0.309256  0.499396
0.5  145  0.291064  0.456196
0.5  145  0.272873  0.415464
0.5  145  0.254681  0.376995
0.5  145  0.23649  0.340606
0.5  145  0.218298  0.306131
0.5  145  0.200107  0.273425
0.5  145  0.181915  0.242354
0.5  145  0.163724  0.212799
0.5  145  0.145532  0.184651
0.5  145  0.127341  0.157812
0.55  34  0.0977905  1.73707
0.55  34  0.0959099  1.27775
0.55  34  0.0940293  1.00215
0.55  34  0.0921487  0.818426
0.55  34  0.0902682  0.687192
0.55  34  0.0883876  0.588766
0.55  34  0.086507  0.512212
0.55  34  0.0846264  0.450969
0.55  34  0.0827458  0.400862
0.55  34  0.0808652  0.359105
0.55  34  0.0789846  0.323773
0.55  34  0.0771041  0.293488
0.55  34  0.0752235  0.267241
0.55  34  0.0733429  0.244275
0.55  34  0.0714623  0.224011
0.55  34  0.0695817  0.205998
0.55  34  0.0677011  0.189882
0.55  34  0.0658205  0.175377
0.55  34  0.0639399  0.162254
0.55  34  0.0620594  0.150323
0.55  34  0.0601788  0.13943
0.55  34  0.0582982  0.129445
0.55  34  0.0564176  0.120259
0.55  34  0.054537  0.111779
0.55  34  0.0526564  0.103927
0.55  34  0.0507758  0.0966363
0.55  34  0.0488953  0.0898483
0.55  34  0.0470147  0.0835129
0.55  34  0.0451341  0.0775861
0.55  34  0.0432535  0.0720298
0.55  34  0.0413729  0.0668103
0.55  34  0.0394923  0.0618978
0.55  34  0.0376117  0.057266
0.55  34  0.0357311  0.0528915
0.55  34  0.0338506  0.0487535
0.55  34  0.03197  0.0448332
0.55  34  0.0300894  0.041114
0.55  60  0.275  2.93092
0.55  60  0.2695  2.39358
0.55  60  0.264  2.00977
0.55  60  0.2585  1.72192
0.55  60  0.253  1.49803
0.55  60  0.2475  1.31891
0.55  60  0.242  1.17237
0.55  60  0.2365  1.05025
0.55  60  0.231  0.946913
0.55  60  0.2255  0.858341
0.55  60  0.22  0.781579
0.55  60  0.2145  0.714412
0.55  60  0.209  0.655147
0.55  60  0.2035  0.602467
0.55  60  0.198  0.555332
0.55  60  0.1925  0.512911
0.55  60  0.187  0.47453
0.55  60  0.1815  0.439638
0.55  60  0.176  0.40778
0.55  60  0.1705  0.378577
0.55  60  0.165  0.35171
0.55  60  0.1595  0.32691
0.55  60  0.154  0.303947
0.55  60  0.1485  0.282624
0.55  60  0.143  0.262772
0.55  60  0.1375  0.244243
0.55  60  0.132  0.22691
0.55  60  0.1265  0.21066
0.55  60  0.121  0.195395
0.55  60  0.1155  0.181027
0.55  60  0.11  0.167481
0.55  60  0.1045  0.154687
0.55  60  0.099  0.142585
0.55  60  0.0935  0.13112
0.55  60  0.088  0.120243
0.55  60  0.0825  0.109909
0.55  60  0.077  0.10008
0.55  60  0.0715  0.0907189
0.55  60  0.066  0.0817931
0.55  60  0.0605  0.073273
0.55  75  0.391344  2.97921
0.55  75  0.383191  2.5525
0.55  75  0.375038  2.22062
0.55  75  0.366885  1.95511
0.55  75  0.358732  1.73787
0.55  75  0.350579  1.55685
0.55  75  0.342426  1.40367
0.55  75  0.334273  1.27237
0.55  75  0.32612  1.15858
0.55  75  0.317967  1.05902
0.55  75  0.309814  0.971165
0.55  75  0.301661  0.893074
0.55  75  0.293508  0.823203
0.55  75  0.285355  0.76032
0.55  75  0.277202  0.703425
0.55  75  0.269049  0.651703
0.55  75  0.260896  0.604478
0.55  75  0.252743  0.561188
0.55  75  0.24459  0.521362
0.55  75  0.236437  0.484599
0.55  75  0.228284  0.45056
0.55  75  0.220131  0.418952
0.55  75  0.211978  0.389523
0.55  75  0.203825  0.362057
0.55  75  0.195672  0.336363
0.55  75  0.187519  0.312274
0.55  75  0.179366  0.289646
0.55  75  0.171213  0.268348
0.55  75  0.16306  0.248268
0.55  75  0.154907  0.229303
0.55  75  0.146754  0.211363
0.55  75  0.138601  0.194367
0.55  75  0.130448  0.178243
0.55  75  0.122295  0.162926
0.55  75  0.114142  0.148355
0.55  75  0.105989  0.134478
0.55  75  0.0978359  0.121247
0.55  75  0.0896829  0.108617
0.55  75  0.0815299  0.0965485
0.55  75  0.0733769  0.0850047
0.55  145  0.790422  2.71749
0.55  145  0.770411  2.48817
0.55  145  0.7504  2.28505
0.55  145  0.73039  2.1039
0.55  145  0.710379  1.94132
0.55  145  0.690368  1.7946
0.55  145  0.670358  1.66153
0.55  145  0.650347  1.54029
0.55  145  0.630336  1.42937
0.55  145  0.610326  1.32751
0.55  145  0.590315  1.23363
0.55  145  0.570304  1.14684
0.55  145  0.550293  1.06636
0.55  145  0.530283  0.991526
0.55  145  0.510272  0.921767
0.55  145  0.490261  0.856582
0.55  145  0.470251  0.795537
0.55  145  0.45024  0.738248
0.55  145  0.430229  0.684379
0.55  145  0.410219  0.633633
0.55  145  0.390208  0.585746
0.55  145  0.370197  0.540483
0.55  145  0.350187  0.497634
0.55  145  0.330176  0.45701
0.55  145  0.310165  0.418444
0.55  145  0.290155  0.381782
0.55  145  0.270144  0.346887
0.55  145  0.250133  0.313635
0.55  145  0.230123  0.281911
0.55  145  0.210112  0.251613
0.55  145  0.190101  0.222646
0.55  145  0.170091  0.194926
0.55  145  0.15008  0.168372
0.55  145  0.130069  0.142914
0.589  60  0.313348  2.9295
0.589  60  0.308047  2.48722
0.589  60  0.300979  2.05628
0.589  60  0.295678  1.81109
0.589  60  0.290377  1.61188
0.589  60  0.280953  1.33677
0.589  60  0.276241  1.22673
0.589  60  0.27094  1.11924
0.589  60  0.267406  1.05555
0.589  60  0.262694  0.978938
0.589  60  0.257982  0.910445
0.589  60  0.253859  0.856203
0.589  60  0.249147  0.799814
0.589  60  0.245024  0.754751
0.589  60  0.238545  0.690866
0.589  60  0.234422  0.654043
0.589  60  0.230299  0.619824
0.589  60  0.22382  0.570682
0.589  60  0.220286  0.545996
0.589  60  0.216163  0.518883
0.589  60  0.209095  0.476178
0.589  60  0.204972  0.45323
0.589  60  0.201438  0.434596
0.589  60  0.19437  0.399918
0.589  60  0.190836  0.383756
0.589  60  0.187302  0.368311
0.589  60  0.179056  0.3348
0.589  60  0.176111  0.323616
0.589  60  0.173166  0.312811
0.589  60  0.164331  0.282487
0.589  60  0.161386  0.273021
0.589  60  0.158441  0.263851
0.589  60  0.149017  0.23634
0.589  60  0.146661  0.229867
0.589  60  0.144305  0.223545
0.589  60  0.134292  0.198237
0.589  60  0.131936  0.192625
0.589  60  0.12958  0.187134
0.589  60  0.119567  0.165069
0.589  60  0.117211  0.160157
0.589  60  0.115444  0.156538
0.589  60  0.104842  0.135936
0.589  60  0.102486  0.131601
0.589  60  0.100719  0.128403
0.6  34  0.116938  2.07719
0.6  34  0.114887  1.53056
0.6  34  0.112835  1.20259
0.6  34  0.110784  0.983933
0.6  34  0.108732  0.827753
0.6  34  0.106681  0.710619
0.6  34  0.104629  0.619514
0.6  34  0.102577  0.54663
0.6  34  0.100526  0.486997
0.6  34  0.0984744  0.437304
0.6  34  0.0964228  0.395255
0.6  34  0.0943713  0.359214
0.6  34  0.0923197  0.327978
0.6  34  0.0902682  0.300646
0.6  34  0.0882166  0.27653
0.6  34  0.0861651  0.255094
0.6  34  0.0841135  0.235914
0.6  34  0.082062  0.218652
0.6  34  0.0800104  0.203034
0.6  34  0.0779589  0.188836
0.6  34  0.0759073  0.175872
0.6  34  0.0738558  0.163989
0.6  34  0.0718042  0.153056
0.6  34  0.0697527  0.142965
0.6  34  0.0677011  0.133621
0.6  34  0.0656496  0.124944
0.6  34  0.063598  0.116866
0.6  34  0.0615465  0.109326
0.6  34  0.0594949  0.102273
0.6  34  0.0574434  0.0956602
0.6  34  0.0553918  0.0894485
0.6  34  0.0533403  0.0836022
0.6  34  0.0512887  0.0780899
0.6  34  0.0492372  0.072884
0.6  34  0.0471856  0.0679594
0.6  34  0.0451341  0.063294
0.6  34  0.0430825  0.0588678
0.6  34  0.041031  0.054663
0.6  34  0.0389794  0.0506632
0.6  34  0.0369279  0.046854
0.6  34  0.0348763  0.0432219
0.6  34  0.0328248  0.0397549
0.6  60  0.324  2.87763
0.6  60  0.318  2.42086
0.6  60  0.312  2.07829
0.6  60  0.306  1.81184
0.6  60  0.3  1.59868
0.6  60  0.294  1.42428
0.6  60  0.288  1.27895
0.6  60  0.282  1.15597
0.6  60  0.276  1.05056
0.6  60  0.27  0.95921
0.6  60  0.264  0.879276
0.6  60  0.258  0.808746
0.6  60  0.252  0.746052
0.6  60  0.246  0.689958
0.6  60  0.24  0.639473
0.6  60  0.234  0.593797
0.6  60  0.228  0.552272
0.6  60  0.222  0.514359
0.6  60  0.216  0.479605
0.6  60  0.21  0.447631
0.6  60  0.204  0.418117
0.6  60  0.198  0.390789
0.6  60  0.192  0.365413
0.6  60  0.186  0.341788
0.6  60  0.18  0.319737
0.6  60  0.174  0.299109
0.6  60  0.168  0.27977
0.6  60  0.162  0.261603
0.6  60  0.156  0.244505
0.6  60  0.15  0.228383
0.6  60  0.144  0.213158
0.6  60  0.138  0.198755
0.6  60  0.132  0.185111
0.6  60  0.126  0.172166
0.6  60  0.12  0.159868
0.6  60  0.114  0.148171
0.6  60  0.108  0.13703
0.6  60  0.102  0.126408
0.6  60  0.096  0.116268
0.6  60  0.09  0.106579
0.6  60  0.084  0.0973112
0.6  60  0.078  0.0884378
0.6  60  0.072  0.0799342
0.6  60  0.066  0.0717776
0.6  75  0.466944  3.31776
0.6  75  0.45805  2.87167
0.6  75  0.449156  2.5195
0.6  75  0.440261  2.23441
0.6  75  0.431367  1.9989
0.6  75  0.422473  1.80107
0.6  75  0.413579  1.63255
0.6  75  0.404685  1.48727
0.6  75  0.395791  1.36074
0.6  75  0.386896  1.24955
0.6  75  0.378002  1.15106
0.6  75  0.369108  1.06322
0.6  75  0.360214  0.98439
0.6  75  0.35132  0.913251
0.6  75  0.342426  0.848729
0.6  75  0.333531  0.789943
0.6  75  0.324637  0.736159
0.6  75  0.315743  0.686766
0.6  75  0.306849  0.641247
0.6  75  0.297955  0.599164
0.6  75  0.289061  0.560141
0.6  75  0.280166  0.523857
0.6  75  0.271272  0.490032
0.6  75  0.262378  0.458426
0.6  75  0.253484  0.428826
0.6  75  0.24459  0.401048
0.6  75  0.235696  0.374928
0.6  75  0.226801  0.350322
0.6  75  0.217907  0.327103
0.6  75  0.209013  0.305156
0.6  75  0.200119  0.284379
0.6  75  0.191225  0.264682
0.6  75  0.182331  0.245982
0.6  75  0.173436  0.228206
0.6  75  0.164542  0.211286
0.6  75  0.155648  0.195162
0.6  75  0.146754  0.17978
0.6  75  0.13786  0.165089
0.6  75  0.128965  0.151044
0.6  75  0.120071  0.137603
0.6  75  0.111177  0.124728
0.6  75  0.102283  0.112384
0.6  75  0.0933888  0.100538
0.6  75  0.0844946  0.0891618
0.6  75  0.0756005  0.0782273
0.64  34  0.132393  2.01576
0.64  34  0.130205  1.5419
0.64  34  0.128017  1.24035
0.64  34  0.125828  1.03159
0.64  34  0.12364  0.878495
0.64  34  0.121452  0.761423
0.64  34  0.119263  0.668998
0.64  34  0.117075  0.594178
0.64  34  0.114887  0.53237
0.64  34  0.112698  0.480451
0.64  34  0.11051  0.436224
0.64  34  0.108322  0.398097
0.64  34  0.106133  0.36489
0.64  34  0.103945  0.335708
0.64  34  0.101757  0.309861
0.64  34  0.0995685  0.286808
0.64  34  0.0973802  0.26612
0.64  34  0.0951919  0.24745
0.64  34  0.0930036  0.230517
0.64  34  0.0908152  0.215089
0.64  34  0.0886269  0.200974
0.64  34  0.0864386  0.188011
0.64  34  0.0842503  0.176065
0.64  34  0.082062  0.16502
0.64  34  0.0798736  0.154779
0.64  34  0.0776853  0.145256
0.64  34  0.075497  0.136379
0.64  34  0.0733087  0.128085
0.64  34  0.0711204  0.120316
0.64  34  0.0689321  0.113026
0.64  34  0.0667437  0.106171
0.64  34  0.0645554  0.0997137
0.64  34  0.0623671  0.0936199
0.64  34  0.0601788  0.0878601
0.64  34  0.0579905  0.0824075
0.64  34  0.0558021  0.0772381
0.64  34  0.0536138  0.0723304
0.64  34  0.0514255  0.0676651
0.64  34  0.0492372  0.0632246
0.64  34  0.0470489  0.0589931
0.64  34  0.0448605  0.0549562
0.64  34  0.0426722  0.0511007
0.64  34  0.0404839  0.0474146
0.64  34  0.0382956  0.0438871
0.64  34  0.0361073  0.0405081
0.64  34  0.0339189  0.0372685
0.64  60  0.368  3.017
0.64  60  0.3616  2.56926
0.64  60  0.3552  2.22687
0.64  60  0.3488  1.95656
0.64  60  0.3424  1.73774
0.64  60  0.336  1.55698
0.64  60  0.3296  1.40514
0.64  60  0.3232  1.27579
0.64  60  0.3168  1.16428
0.64  60  0.3104  1.06716
0.64  60  0.304  0.981818
0.64  60  0.2976  0.906225
0.64  60  0.2912  0.838805
0.64  60  0.2848  0.778299
0.64  60  0.2784  0.723697
0.64  60  0.272  0.674174
0.64  60  0.2656  0.629052
0.64  60  0.2592  0.587771
0.64  60  0.2528  0.54986
0.64  60  0.2464  0.514922
0.64  60  0.24  0.482621
0.64  60  0.2336  0.45267
0.64  60  0.2272  0.42482
0.64  60  0.2208  0.398858
0.64  60  0.2144  0.374599
0.64  60  0.208  0.35188
0.64  60  0.2016  0.330559
0.64  60  0.1952  0.31051
0.64  60  0.1888  0.291625
0.64  60  0.1824  0.273803
0.64  60  0.176  0.256957
0.64  60  0.1696  0.24101
0.64  60  0.1632  0.225892
0.64  60  0.1568  0.211539
0.64  60  0.1504  0.197895
0.64  60  0.144  0.184908
0.64  60  0.1376  0.172532
0.64  60  0.1312  0.160726
0.64  60  0.1248  0.14945
0.64  60  0.1184  0.13867
0.64  60  0.112  0.128353
0.64  60  0.1056  0.118471
0.64  60  0.0992  0.108996
0.64  60  0.0928  0.0999043
0.64  60  0.0864  0.0911724
0.64  60  0.08  0.0827797
0.64  60  0.0736  0.0747067
0.64  75  0.526535  3.30103
0.64  75  0.517048  2.90034
0.64  75  0.507561  2.57596
0.64  75  0.498074  2.30801
0.64  75  0.488586  2.08292
0.64  75  0.479099  1.89118
0.64  75  0.469612  1.72589
0.64  75  0.460125  1.58192
0.64  75  0.450638  1.45541
0.64  75  0.441151  1.34335
0.64  75  0.431664  1.24341
0.64  75  0.422177  1.15372
0.64  75  0.41269  1.07278
0.64  75  0.403202  0.999369
0.64  75  0.393715  0.932483
0.64  75  0.384228  0.87129
0.64  75  0.374741  0.815092
0.64  75  0.365254  0.763301
0.64  75  0.355767  0.71542
0.64  75  0.34628  0.67102
0.64  75  0.336793  0.629737
0.64  75  0.327306  0.591252
0.64  75  0.317818  0.555291
0.64  75  0.308331  0.521613
0.64  75  0.298844  0.490007
0.64  75  0.289357  0.460289
0.64  75  0.27987  0.432293
0.64  75  0.270383  0.405875
0.64  75  0.260896  0.380904
0.64  75  0.251409  0.357265
0.64  75  0.241921  0.334854
0.64  75  0.232434  0.313577
0.64  75  0.222947  0.293351
0.64  75  0.21346  0.274101
0.64  75  0.203973  0.255756
0.64  75  0.194486  0.238254
0.64  75  0.184999  0.221539
0.64  75  0.175512  0.205559
0.64  75  0.166025  0.190266
0.64  75  0.156537  0.175617
0.64  75  0.14705  0.161572
0.64  75  0.137563  0.148094
0.64  75  0.128076  0.135151
0.64  75  0.118589  0.12271
0.64  75  0.109102  0.110742
0.64  75  0.0996147  0.0992227
0.64  75  0.0901276  0.0881257
0.64  75  0.0806405  0.0774286
0.724  60  0.462636  2.90043
0.724  60  0.454672  2.52388
0.724  60  0.446708  2.22475
0.724  60  0.421368  1.5813
0.724  60  0.414128  1.45189
0.724  60  0.406888  1.33845
0.724  60  0.400372  1.2477
0.724  60  0.393132  1.15745
0.724  60  0.385892  1.07665
0.724  60  0.380824  1.02494
0.724  60  0.374308  0.963607
0.724  60  0.367792  0.907381
0.724  60  0.361276  0.855653
0.724  60  0.35476  0.807905
0.724  60  0.348244  0.763693
0.724  60  0.343176  0.731506
0.724  60  0.337384  0.696861
0.724  60  0.330868  0.660366
0.724  60  0.3258  0.633639
0.724  60  0.320008  0.604718
0.724  60  0.314216  0.577393
0.724  60  0.309872  0.557869
0.724  60  0.30408  0.533035
0.724  60  0.299012  0.512353
0.724  60  0.291048  0.48167
0.724  60  0.28598  0.463213
0.724  60  0.280912  0.445525
0.724  60  0.27512  0.426192
0.724  60  0.270776  0.412272
0.724  60  0.265708  0.396623
0.724  60  0.25702  0.371178
0.724  60  0.252676  0.359066
0.724  60  0.247608  0.345416
0.724  60  0.238196  0.32135
0.724  60  0.234576  0.312511
0.724  60  0.230232  0.302191
0.724  60  0.220096  0.279257
0.724  60  0.216476  0.271433
0.724  60  0.212856  0.26379
0.724  60  0.201996  0.241893
0.724  60  0.198376  0.234919
0.724  60  0.194756  0.228098
0.724  60  0.183172  0.207243
0.724  60  0.180276  0.202249
0.724  60  0.17738  0.197338
0.724  60  0.165072  0.177351
0.724  60  0.162176  0.172845
0.724  60  0.15928  0.168412
0.724  60  0.146972  0.150327
0.724  60  0.144076  0.146242
0.724  60  0.141904  0.143219
0.724  60  0.128872  0.125779
0.724  60  0.1267  0.122983
0.724  60  0.123804  0.119303
0.73  37.1  0.205392  3.1272
0.73  37.1  0.202436  2.39727
0.73  37.1  0.199481  1.93277
0.73  37.1  0.190615  1.19503
0.73  37.1  0.18766  1.05266
0.73  37.1  0.184705  0.93741
0.73  37.1  0.181749  0.842202
0.73  37.1  0.178794  0.762227
0.73  37.1  0.175839  0.6941
0.73  37.1  0.172884  0.63537
0.73  37.1  0.166973  0.539267
0.73  37.1  0.164018  0.499452
0.73  37.1  0.158107  0.432074
0.73  37.1  0.155152  0.403315
0.73  37.1  0.149241  0.353466
0.73  37.1  0.146286  0.331724
0.73  37.1  0.143331  0.311756
0.73  37.1  0.140376  0.293354
0.73  37.1  0.13742  0.276342
0.73  37.1  0.134465  0.260566
0.73  37.1  0.13151  0.245898
0.73  37.1  0.128554  0.232224
0.73  37.1  0.125599  0.219446
0.73  37.1  0.122644  0.20748
0.73  37.1  0.119689  0.19625
0.73  37.1  0.116733  0.185691
0.73  37.1  0.113778  0.175744
0.73  37.1  0.107868  0.157485
0.73  37.1  0.104912  0.149086
0.73  37.1  0.101957  0.141123
0.73  37.1  0.0990017  0.133563
0.73  37.1  0.0960464  0.126377
0.73  37.1  0.0930912  0.119537
0.73  37.1  0.0901359  0.113019
0.73  37.1  0.0871806  0.1068
0.73  37.1  0.0842253  0.100861
0.73  37.1  0.0812701  0.0951832
0.73  37.1  0.0783148  0.0897495
0.73  37.1  0.0753595  0.0845446
0.73  37.1  0.0724042  0.0795543
0.73  37.1  0.069449  0.0747656
0.73  37.1  0.0664937  0.0701666
0.73  37.1  0.0635384  0.0657461
0.73  37.1  0.0605831  0.0614941
0.73  37.1  0.0546726  0.0534582
0.73  37.1  0.048762  0.0459912
0.73  37.1  0.0398962  0.0357319
0.73  37.1  0.0369409  0.0325382
0.73  37.1  0.0339857  0.0294484
0.9  85  0.959582  1.61821
0.9  85  0.930006  1.48382
0.9  85  0.902073  1.36954
0.9  85  0.875783  1.27166
0.9  85  0.851136  1.18734
0.9  85  0.824846  1.10441
0.9  85  0.800199  1.0325
0.9  85  0.777196  0.969937
0.9  85  0.754192  0.911349
0.9  85  0.731188  0.856365
0.9  85  0.708185  0.804665
0.9  85  0.688467  0.762745
0.9  85  0.667107  0.71963
0.9  85  0.647389  0.681799
0.9  85  0.629315  0.648662
0.9  85  0.609597  0.614085
0.9  85  0.591523  0.58374
0.9  85  0.575092  0.557206
0.9  85  0.557018  0.529112
0.9  85  0.540586  0.504511
0.9  85  0.524155  0.480756
0.9  85  0.507724  0.457806
0.9  85  0.494579  0.439997
0.9  85  0.479791  0.420523
0.961  37.5  0.348322  2.20975
0.961  37.5  0.344351  1.95215
0.961  37.5  0.340379  1.7441
0.961  37.5  0.336407  1.57254
0.961  37.5  0.332435  1.42865
0.961  37.5  0.328464  1.30624
0.961  37.5  0.324492  1.20083
0.961  37.5  0.32052  1.10911
0.961  37.5  0.316548  1.02858
0.961  37.5  0.312577  0.957301
0.961  37.5  0.308605  0.893771
0.961  37.5  0.304633  0.83679
0.961  37.5  0.300661  0.785396
0.961  37.5  0.29669  0.738805
0.961  37.5  0.292718  0.696374
0.961  37.5  0.288746  0.657569
0.961  37.5  0.284774  0.621946
0.961  37.5  0.280803  0.589127
0.961  37.5  0.276831  0.558794
0.961  37.5  0.272859  0.530676
0.961  37.5  0.268887  0.504537
0.961  37.5  0.264916  0.480177
0.961  37.5  0.260944  0.45742
0.961  37.5  0.256972  0.436112
0.961  37.5  0.253  0.416119
0.961  37.5  0.249029  0.397323
0.961  37.5  0.245057  0.379621
0.961  37.5  0.241085  0.362918
0.961  37.5  0.237113  0.347133
0.961  37.5  0.233142  0.332192
0.961  37.5  0.22917  0.31803
0.961  37.5  0.225198  0.304586
0.961  37.5  0.221226  0.291808
0.961  37.5  0.217255  0.279647
0.961  37.5  0.213283  0.26806
0.961  37.5  0.209311  0.257006
0.961  37.5  0.205339  0.246451
0.961  37.5  0.201368  0.236361
0.961  37.5  0.197396  0.226705
0.961  37.5  0.193424  0.217457
0.961  37.5  0.189452  0.208591
0.961  37.5  0.185481  0.200084
0.961  37.5  0.181509  0.191915
0.961  37.5  0.177537  0.184063
0.961  37.5  0.173565  0.176512
0.961  37.5  0.169594  0.169243
0.961  37.5  0.165622  0.162241
0.961  37.5  0.16165  0.155492
0.961  37.5  0.157678  0.148982
0.961  37.5  0.153707  0.142699
0.961  37.5  0.149735  0.136632
0.961  37.5  0.145763  0.130768
0.961  37.5  0.141791  0.125099
0.961  37.5  0.13782  0.119615
0.961  37.5  0.133848  0.114306
0.961  37.5  0.129876  0.109165
0.961  37.5  0.125904  0.104183
0.961  37.5  0.121933  0.0993536
0.961  37.5  0.117961  0.0946698
1.1  85  1.22102  1.32251
1.1  85  1.18688  1.2426
1.1  85  1.15073  1.1636
1.1  85  1.11659  1.0938
1.1  85  1.08245  1.02822
1.1  85  1.05233  0.973575
1.1  85  1.02019  0.918338
1.1  85  0.990071  0.869198
1.1  85  0.961955  0.825476
1.1  85  0.931831  0.780767
1.1  85  0.903716  0.7409
1.1  85  0.877608  0.705389
1.1  85  0.851501  0.671243
1.1  85  0.825394  0.638386
1.1  85  0.801295  0.609138
1.1  85  0.779204  0.583193
1.1  85  0.755105  0.555789
1.1  85  0.733014  0.531455
1.1  85  0.710923  0.507838
1.1  85  0.688832  0.484907
1.1  85  0.66875  0.464632
1.1  85  0.650675  0.446832
1.1  85  0.628585  0.425628
1.1  85  0.61051  0.408716
1.108  37.5  0.444649  1.72957
1.108  37.5  0.44007  1.59531
1.108  37.5  0.43549  1.47816
1.108  37.5  0.430911  1.37503
1.108  37.5  0.426332  1.28356
1.108  37.5  0.421753  1.20187
1.108  37.5  0.417173  1.12847
1.108  37.5  0.412594  1.06217
1.108  37.5  0.408015  1.00198
1.108  37.5  0.403435  0.947086
1.108  37.5  0.398856  0.896828
1.108  37.5  0.394277  0.85064
1.108  37.5  0.389698  0.808046
1.108  37.5  0.385118  0.768642
1.108  37.5  0.380539  0.732084
1.108  37.5  0.37596  0.698073
1.108  37.5  0.37138  0.666352
1.108  37.5  0.366801  0.636698
1.108  37.5  0.362222  0.608915
1.108  37.5  0.357643  0.582831
1.108  37.5  0.353063  0.558295
1.108  37.5  0.348484  0.535173
1.108  37.5  0.343905  0.513347
1.108  37.5  0.339325  0.49271
1.108  37.5  0.334746  0.473168
1.108  37.5  0.330167  0.454636
1.108  37.5  0.325588  0.437037
1.108  37.5  0.321008  0.420303
1.108  37.5  0.316429  0.404372
1.108  37.5  0.31185  0.389187
1.108  37.5  0.30727  0.374697
1.108  37.5  0.302691  0.360856
1.108  37.5  0.298112  0.34762
1.108  37.5  0.293532  0.33495
1.108  37.5  0.288953  0.322813
1.108  37.5  0.284374  0.311173
1.108  37.5  0.279795  0.300002
1.108  37.5  0.275215  0.289272
1.108  37.5  0.270636  0.278956
1.108  37.5  0.266057  0.269033
1.108  37.5  0.261477  0.259478
1.108  37.5  0.256898  0.250274
1.108  37.5  0.252319  0.241399
1.108  37.5  0.24774  0.232838
1.108  37.5  0.24316  0.224573
1.108  37.5  0.238581  0.21659
1.108  37.5  0.234002  0.208875
1.108  37.5  0.229422  0.201413
1.108  37.5  0.224843  0.194194
1.108  37.5  0.220264  0.187205
1.108  37.5  0.215685  0.180435
1.108  37.5  0.211105  0.173875
1.108  37.5  0.206526  0.167514
1.108  37.5  0.201947  0.161344
1.108  37.5  0.197367  0.155356
1.108  37.5  0.192788  0.149543
1.108  37.5  0.188209  0.143896
1.108  37.5  0.18363  0.138409
1.108  37.5  0.17905  0.133075
1.108  37.5  0.174471  0.127888
1.108  37.5  0.169892  0.122842
1.299  37.5  0.56049  1.1713
1.299  37.5  0.555122  1.11631
1.299  37.5  0.549753  1.06531
1.299  37.5  0.544384  1.01789
1.299  37.5  0.539015  0.973689
1.299  37.5  0.533647  0.932385
1.299  37.5  0.528278  0.893703
1.299  37.5  0.522909  0.857402
1.299  37.5  0.517541  0.823268
1.299  37.5  0.512172  0.791112
1.299  37.5  0.506803  0.760768
1.299  37.5  0.501435  0.732087
1.299  37.5  0.496066  0.704936
1.299  37.5  0.490697  0.679195
1.299  37.5  0.485329  0.654757
1.299  37.5  0.47996  0.631526
1.299  37.5  0.474591  0.609415
1.299  37.5  0.469223  0.588344
1.299  37.5  0.463854  0.568242
1.299  37.5  0.458485  0.549043
1.299  37.5  0.453117  0.530689
1.299  37.5  0.447748  0.513123
1.299  37.5  0.442379  0.496298
1.299  37.5  0.437011  0.480166
1.299  37.5  0.431642  0.464686
1.299  37.5  0.426273  0.449819
1.299  37.5  0.420905  0.43553
1.299  37.5  0.415536  0.421784
1.299  37.5  0.410167  0.408553
1.299  37.5  0.404798  0.395807
1.299  37.5  0.39943  0.383521
1.299  37.5  0.394061  0.371669
1.299  37.5  0.388692  0.36023
1.299  37.5  0.383324  0.349181
1.299  37.5  0.377955  0.338505
1.299  37.5  0.372586  0.328181
1.299  37.5  0.367218  0.318192
1.299  37.5  0.361849  0.308524
1.299  37.5  0.35648  0.29916
1.299  37.5  0.351112  0.290086
1.299  37.5  0.345743  0.281289
1.299  37.5  0.340374  0.272757
1.299  37.5  0.335006  0.264478
1.299  37.5  0.329637  0.25644
1.299  37.5  0.324268  0.248634
1.299  37.5  0.3189  0.241049
1.299  37.5  0.313531  0.233677
1.299  37.5  0.308162  0.226508
1.299  37.5  0.302794  0.219533
1.299  37.5  0.297425  0.212746
1.299  37.5  0.292056  0.206139
1.299  37.5  0.286688  0.199705
1.299  37.5  0.281319  0.193436
2.02  15.022  0.266459  1.57771
2.02  15.022  0.264388  1.34182
2.02  15.022  0.262317  1.16489
2.02  15.022  0.260246  1.02729
2.02  15.022  0.258175  0.9172
2.02  15.022  0.256104  0.82713
2.02  15.022  0.254033  0.752071
2.02  15.022  0.251962  0.68856
2.02  15.022  0.249891  0.634122
2.02  15.022  0.24782  0.586943
2.02  15.022  0.245749  0.54566
2.02  15.022  0.243678  0.509235
2.02  15.022  0.241608  0.476857
2.02  15.022  0.239537  0.447887
2.02  15.022  0.237466  0.421814
2.02  15.022  0.235395  0.398224
2.02  15.022  0.233324  0.376779
2.02  15.022  0.231253  0.357198
2.02  15.022  0.229182  0.33925
2.02  20.016  0.463653  2.05898
2.02  20.016  0.459992  1.81576
2.02  20.016  0.456332  1.62118
2.02  20.016  0.452672  1.46198
2.02  20.016  0.449011  1.32931
2.02  20.016  0.445351  1.21705
2.02  20.016  0.44169  1.12083
2.02  20.016  0.43803  1.03744
2.02  20.016  0.43437  0.964471
2.02  20.016  0.430709  0.900088
2.02  20.016  0.427049  0.842859
2.02  20.016  0.423388  0.791654
2.02  20.016  0.419728  0.745569
2.02  20.016  0.416067  0.703873
2.02  20.016  0.412407  0.665968
2.02  20.016  0.408747  0.631359
2.02  20.016  0.405086  0.599634
2.02  20.016  0.401426  0.570447
2.02  20.016  0.397765  0.543505
2.02  20.016  0.394105  0.518559
2.02  20.016  0.390445  0.495395
2.02  20.016  0.386784  0.473828
2.02  20.016  0.383124  0.453699
2.7  15  0.473617  2.00308
2.7  15  0.471225  1.80657
2.7  15  0.469017  1.65521
2.7  15  0.466625  1.51623
2.7  15  0.464417  1.40617
2.7  15  0.462025  1.3027
2.7  15  0.459817  1.21908
2.7  15  0.457425  1.13906
2.7  15  0.455217  1.07338
2.7  15  0.452825  1.00966
2.7  15  0.450617  0.956699
2.7  15  0.448225  0.904761
2.7  15  0.446017  0.86116
2.7  15  0.443809  0.821193
2.7  15  0.441601  0.784423
2.7  15  0.439393  0.750482
2.7  15  0.437369  0.721584
2.7  15  0.435161  0.692224
2.7  15  0.432953  0.664895
2.7  15  0.430745  0.639392
2.7  15  0.428721  0.617468
2.7  15  0.426513  0.594991
2.7  15  0.424305  0.573883
2.7  15  0.422097  0.554023
2.7  15  0.420073  0.536822
2.7  15  0.418049  0.520505
2.7  15  0.416025  0.505006
2.7  15  0.414001  0.490264
2.7  15  0.411977  0.476226
2.7  15  0.409953  0.462843
2.7  15  0.407745  0.448936
2.7  15  0.405721  0.436781
2.7  15  0.403697  0.425154
2.7  15  0.401673  0.414022
2.7  15  0.399649  0.403354
2.7  15  0.397625  0.393121
2.7  15  0.395601  0.383298
2.7  15  0.393577  0.373859
2.7  15  0.391737  0.365595
2.7  15  0.389713  0.356832
2.7  15  0.387873  0.349148
2.7  15  0.385849  0.34099
2.7  15  0.384009  0.333828
2.7  15  0.381985  0.326214
2.7  15  0.380145  0.319522
2.7  15  0.378121  0.312401
2.7  15  0.376281  0.306135
2.7  15  0.374257  0.299459
2.7  15  0.372417  0.293578
2.7  15  0.370577  0.28787
2.7  15  0.368737  0.282325
2.7  15  0.367081  0.277469
2.7  15  0.365241  0.272217
2.7  15  0.363401  0.26711
2.7  15  0.361561  0.262141
2.7  15  0.359721  0.257307
2.7  15  0.357881  0.2526
2.7  15  0.356225  0.248469
2.7  15  0.354385  0.243992
2.7  15  0.352545  0.239629
3.3  15  0.719871  3.8749
3.3  15  0.716273  3.31911
3.3  15  0.712675  2.89909
3.3  15  0.709077  2.5705
3.3  15  0.705479  2.30641
3.3  15  0.70188  2.08954
3.3  15  0.698282  1.90826
3.3  15  0.694909  1.7634
3.3  15  0.691535  1.63785
3.3  15  0.688162  1.52799
3.3  15  0.684789  1.43106
3.3  15  0.681415  1.3449
3.3  15  0.678042  1.26781
3.3  15  0.674444  1.19404
3.3  15  0.67107  1.13168
3.3  15  0.667697  1.07496
3.3  15  0.664324  1.02316
3.3  15  0.66095  0.97567
3.3  15  0.657577  0.931966
3.3  15  0.654204  0.891615
3.3  15  0.651055  0.856651
3.3  15  0.647907  0.824024
3.3  15  0.644533  0.791402
3.3  15  0.641385  0.762925
3.3  15  0.638237  0.736175
3.3  15  0.635088  0.710998
3.3  15  0.63194  0.68726
3.3  15  0.628791  0.66484
3.3  15  0.625418  0.642161
3.3  15  0.622269  0.622146
3.3  15  0.619121  0.603156
3.3  15  0.615972  0.585113
3.3  15  0.613049  0.569147
3.3  15  0.610125  0.553888
3.3  15  0.606977  0.538194
3.3  15  0.604053  0.524262
3.3  15  0.60113  0.510907
3.3  15  0.597981  0.497131
3.3  15  0.595058  0.484867
3.3  15  0.592134  0.473081
3.3  15  0.588986  0.460892
3.3  15  0.586062  0.450013
3.3  15  0.583139  0.439535
3.3  15  0.580215  0.429435
3.3  15  0.577516  0.420431
3.3  15  0.574593  0.411003
3.3  15  0.571669  0.401899
3.3  15  0.568971  0.393768
3.3  15  0.566047  0.385241
3.3  15  0.563348  0.377617
3.3  15  0.560425  0.369613
3.3  15  0.557726  0.36245
3.3  15  0.554803  0.354923
3.3  15  0.551879  0.347628
3.3  15  0.54918  0.34109
3.595  16.02  0.953538  2.82297
3.595  16.02  0.94935  2.59438
3.595  16.02  0.945162  2.39844
3.595  16.02  0.940973  2.22862
3.595  16.02  0.936785  2.08003
3.595  16.02  0.932597  1.94892
3.595  16.02  0.928409  1.83238
3.595  16.02  0.92422  1.72811
3.595  16.02  0.920032  1.63427
3.595  16.02  0.915844  1.54936
3.595  16.02  0.911655  1.47217
3.595  16.02  0.907467  1.40169
3.595  16.02  0.903279  1.33709
3.595  16.02  0.89909  1.27765
3.595  16.02  0.894902  1.22279
3.595  16.02  0.890714  1.17199
3.595  16.02  0.886525  1.12482
3.595  16.02  0.882337  1.0809
3.595  16.02  0.878149  1.03991
3.595  16.02  0.873961  1.00157
3.595  16.02  0.869772  0.965618
3.595  16.02  0.865584  0.931848
3.595  16.02  0.861396  0.900065
3.595  16.02  0.857207  0.870097
3.595  16.02  0.853019  0.841795
3.595  16.02  0.848831  0.815022
3.595  16.02  0.844642  0.789658
3.595  16.02  0.840454  0.765595
3.595  16.02  0.836266  0.742736
3.595  16.02  0.832077  0.720991
3.595  16.02  0.827889  0.700282
3.595  16.02  0.823701  0.680536
3.595  16.02  0.819513  0.661687
3.595  16.02  0.815324  0.643677
3.595  16.02  0.811136  0.626449
3.595  16.02  0.806948  0.609955
3.595  16.02  0.802759  0.594147
3.595  16.02  0.798571  0.578985
3.595  16.02  0.794383  0.56443
3.595  16.02  0.790194  0.550445
3.595  16.02  0.786006  0.536998
3.595  16.02  0.781818  0.524058
3.595  16.02  0.777629  0.511598
3.595  16.02  0.773441  0.499591
3.595  16.02  0.769253  0.488013
3.595  16.02  0.765064  0.476841
3.595  16.02  0.760876  0.466054
3.595  16.02  0.756688  0.455633
3.595  16.02  0.7525  0.445559
3.595  16.02  0.748311  0.435815
3.595  16.02  0.744123  0.426386
3.595  16.02  0.739935  0.417256
3.595  16.02  0.735746  0.408412
3.595  16.02  0.731558  0.399839
3.595  16.02  0.72737  0.391527
3.595  16.02  0.723181  0.383462
3.595  16.02  0.718993  0.375635
3.595  16.02  0.714805  0.368034
3.595  16.02  0.710616  0.360651
3.595  16.02  0.706428  0.353476
3.595  16.02  0.70224  0.3465
3.595  16.02  0.698052  0.339715
3.595  16.02  0.693863  0.333113
3.595  16.02  0.689675  0.326688
3.595  16.02  0.685487  0.320432
3.595  16.02  0.681298  0.314338
3.595  16.02  0.67711  0.3084
3.595  16.02  0.672922  0.302613
3.595  16.02  0.668733  0.29697
3.595  16.02  0.664545  0.291467
3.595  16.02  0.660357  0.286098
3.595  16.02  0.656168  0.280858
3.595  16.02  0.65198  0.275743
3.595  16.02  0.647792  0.270749
3.595  16.02  0.643604  0.26587
3.595  16.02  0.639415  0.261104
3.595  16.02  0.635227  0.256446
3.595  16.02  0.631039  0.251893
3.595  16.02  0.62685  0.247441
3.595  16.02  0.622662  0.243087
3.595  16.02  0.618474  0.238827
3.595  16.02  0.614285  0.234659
3.595  16.02  0.610097  0.23058
3.595  16.02  0.605909  0.226586
3.595  16.02  0.60172  0.222676
3.595  16.02  0.597532  0.218846
3.595  16.02  0.593344  0.215095
3.595  16.02  0.589156  0.211419
3.595  16.02  0.584967  0.207817
3.595  16.02  0.580779  0.204286
3.595  16.02  0.576591  0.200825
3.595  16.02  0.572402  0.19743
3.595  20.016  1.45055  3.03134
3.595  20.016  1.44404  2.85007
3.595  20.016  1.43752  2.68789
3.595  20.016  1.43101  2.54192
3.595  20.016  1.42449  2.40986
3.595  20.016  1.41798  2.2898
3.595  20.016  1.41147  2.18018
3.595  20.016  1.40495  2.0797
3.595  20.016  1.39844  1.98725
3.595  20.016  1.39192  1.90192
3.595  20.016  1.38541  1.8229
3.595  20.016  1.37889  1.74953
3.595  20.016  1.37238  1.68123
3.595  20.016  1.36586  1.61747
3.595  20.016  1.35935  1.55783
3.595  20.016  1.35284  1.50191
3.595  20.016  1.34632  1.44939
3.595  20.016  1.33981  1.39995
3.595  20.016  1.33329  1.35334
3.595  20.016  1.32678  1.30932
3.595  20.016  1.32026  1.26768
3.595  20.016  1.31375  1.22823
3.595  20.016  1.30723  1.1908
3.595  20.016  1.30072  1.15524
3.595  20.016  1.29421  1.12142
3.595  20.016  1.28769  1.08921
3.595  20.016  1.28118  1.0585
3.595  20.016  1.27466  1.02918
3.595  20.016  1.26815  1.00117
3.595  20.016  1.26163  0.974373
3.595  20.016  1.25512  0.948717
3.595  20.016  1.2486  0.924131
3.595  20.016  1.24209  0.900548
3.595  20.016  1.23558  0.877908
3.595  20.016  1.22906  0.856156
3.595  20.016  1.22255  0.835241
3.595  20.016  1.21603  0.815115
3.595  20.016  1.20952  0.795735
3.595  20.016  1.203  0.777059
3.595  20.016  1.19649  0.75905
3.595  20.016  1.18997  0.741673
3.595  20.016  1.18346  0.724895
3.595  20.016  1.17694  0.708686
3.595  25.012  2.15096  2.83022
3.595  25.012  2.13074  2.61025
3.595  25.012  2.12062  2.51126
3.595  25.012  2.11051  2.41866
3.595  25.012  2.10039  2.33185
3.595  25.012  2.09028  2.2503
3.595  25.012  2.08016  2.17355
3.595  25.012  2.07005  2.10118
3.595  25.012  2.05994  2.03283
3.595  25.012  2.04982  1.96818
3.595  25.012  2.03971  1.90693
3.595  25.012  2.02959  1.84882
3.595  25.012  2.01948  1.79362
3.595  25.012  2.00937  1.74111
3.595  25.012  1.99925  1.69109
3.595  25.012  1.98914  1.64341
3.595  25.012  1.97902  1.59789
3.595  25.012  1.96891  1.5544
3.595  25.012  1.95879  1.5128
3.595  25.012  1.94868  1.47297
3.595  25.012  1.93857  1.43479
3.595  25.012  1.92845  1.39818
3.595  25.012  1.91834  1.36303
3.595  25.012  1.90822  1.32926
3.595  25.012  1.89811  1.29678
3.595  25.012  1.88799  1.26554
3.595  25.012  1.87788  1.23545
3.595  25.012  1.86777  1.20645
3.595  25.012  1.85765  1.17849
3.595  25.012  1.84754  1.15151
3.595  25.012  1.83742  1.12546
3.595  25.012  1.82731  1.1003
3.595  25.012  1.81719  1.07597
3.595  25.012  1.80708  1.05244
3.595  25.012  1.79697  1.02967
3.595  25.012  1.78685  1.00762
3.595  25.012  1.77674  0.986264
3.595  25.012  1.76662  0.965563
3.595  25.012  1.75651  0.945489
3.595  25.012  1.74639  0.926014
3.595  25.012  1.73628  0.907112
3.595  25.012  1.72617  0.888758
3.595  25.012  1.71605  0.870928
3.595  25.012  1.70594  0.853601
3.595  25.012  1.69582  0.836754
3.595  25.012  1.68571  0.82037
3.595  25.012  1.67559  0.804428
3.595  25.012  1.66548  0.788911
3.595  25.012  1.65537  0.773803
3.595  25.012  1.64525  0.759087
3.595  30.01  2.85798  2.41746
3.595  30.01  2.84352  2.3493
3.595  30.01  2.82906  2.28423
3.595  30.01  2.8146  2.22205
3.595  30.01  2.80014  2.16258
3.595  30.01  2.78569  2.10564
3.595  30.01  2.77123  2.05107
3.595  30.01  2.75677  1.99873
3.595  30.01  2.74231  1.94848
3.595  30.01  2.72785  1.9002
3.595  30.01  2.71339  1.85378
3.595  30.01  2.69893  1.80912
3.595  30.01  2.68448  1.7661
3.595  30.01  2.67002  1.72465
3.595  30.01  2.65556  1.68468
3.595  30.01  2.6411  1.64611
3.595  30.01  2.62664  1.60888
3.595  30.01  2.61218  1.5729
3.595  30.01  2.59772  1.53813
3.595  30.01  2.58327  1.50449
3.595  30.01  2.56881  1.47194
3.595  30.01  2.55435  1.44042
3.595  30.01  2.53989  1.40989
3.595  30.01  2.52543  1.3803
3.595  30.01  2.51097  1.3516
3.595  30.01  2.49651  1.32376
3.595  30.01  2.48206  1.29674
3.595  30.01  2.4676  1.2705
3.595  30.01  2.45314  1.24501
3.595  30.01  2.43868  1.22024
3.595  30.01  2.42422  1.19616
3.595  30.01  2.40976  1.17274
3.595  30.01  2.3953  1.14995
3.595  30.01  2.38085  1.12777
3.595  30.01  2.36639  1.10617
3.595  30.01  2.35193  1.08513
3.595  30.01  2.33747  1.06464
3.595  30.01  2.32301  1.04466
3.595  30.01  2.30855  1.02518
3.595  30.01  2.29409  1.00618
3.595  30.01  2.27964  0.987646
3.595  30.01  2.26518  0.969558
3.595  30.01  2.25072  0.951901
3.595  30.01  2.23626  0.934659
3.595  30.01  2.2218  0.917818
3.595  30.01  2.20734  0.901364
3.595  30.01  2.19288  0.885285
3.595  30.01  2.17843  0.869566
3.595  30.01  2.16397  0.854197
3.595  30.01  2.14951  0.839166
3.595  30.01  2.13505  0.824461
3.595  30.01  2.12059  0.810073
3.595  30.01  2.10613  0.79599
3.595  30.01  2.09167  0.782204
3.595  30.01  2.07722  0.768706
3.595  30.01  2.06276  0.755486
3.595  30.01  2.0483  0.742535
3.595  30.01  2.03384  0.729846
3.595  30.01  2.01938  0.717411
3.595  30.01  2.00492  0.705222
3.595  30.01  1.99046  0.693273
3.595  30.01  1.97601  0.681555
3.595  30.01  1.96155  0.670062
3.595  30.01  1.94709  0.658789
3.595  30.01  1.93263  0.647728
3.595  30.01  1.91817  0.636874
3.595  30.01  1.90371  0.626221
3.595  30.01  1.88925  0.615763
3.595  30.01  1.8748  0.605496
3.595  30.01  1.86034  0.595413
3.595  30.01  1.84588  0.585511
3.595  30.01  1.83142  0.575784
3.595  30.01  1.81696  0.566227
3.595  30.01  1.8025  0.556837
3.595  30.01  1.78804  0.547608
3.595  30.01  1.77358  0.538538
3.595  30.01  1.75913  0.529621
3.595  30.01  1.74467  0.520854
3.595  30.01  1.73021  0.512233
3.595  30.01  1.71575  0.503754
3.595  30.01  1.70129  0.495415
3.595  30.01  1.68683  0.487211
3.595  30.01  1.67237  0.479139
3.595  30.01  1.65792  0.471197
3.595  30.01  1.64346  0.463381
3.595  30.01  1.629  0.455688
3.595  30.01  1.61454  0.448115
3.595  30.01  1.60008  0.440659
3.595  30.01  1.58562  0.433318
3.595  30.01  1.57116  0.426089
3.595  30.01  1.55671  0.41897
3.595  30.01  1.54225  0.411958
3.595  30.01  1.52779  0.40505
3.595  30.01  1.51333  0.398245
3.6  15  0.858669  4.5758
3.6  15  0.854498  3.89194
3.6  15  0.850082  3.35559
3.6  15  0.845912  2.96567
3.6  15  0.841741  2.6542
3.6  15  0.837325  2.38613
3.6  15  0.833154  2.17639
3.6  15  0.828984  1.99892
3.6  15  0.824813  1.8468
3.6  15  0.820397  1.70775
3.6  15  0.816472  1.59961
3.6  15  0.812546  1.50348
3.6  15  0.808376  1.41239
3.6  15  0.80445  1.33547
3.6  15  0.800525  1.26586
3.6  15  0.796354  1.19879
3.6  15  0.792429  1.1413
3.6  15  0.788504  1.08857
3.6  15  0.784578  1.04004
3.6  15  0.780408  0.992542
3.6  15  0.776482  0.951226
3.6  15  0.772802  0.91516
3.6  15  0.769122  0.881422
3.6  15  0.765197  0.847753
3.6  15  0.761517  0.818162
3.6  15  0.757837  0.790307
3.6  15  0.753912  0.762344
3.6  15  0.750232  0.737628
3.6  15  0.746552  0.714243
3.6  15  0.742626  0.690648
3.6  15  0.738946  0.669694
3.6  15  0.735266  0.649783
3.6  15  0.731341  0.629608
3.6  15  0.727661  0.611619
3.6  15  0.724226  0.59558
3.6  15  0.720546  0.579148
3.6  15  0.717111  0.564468
3.6  15  0.713431  0.549398
3.6  15  0.709997  0.535911
3.6  15  0.706317  0.522042
3.6  15  0.702882  0.509608
3.6  15  0.699447  0.497639
3.6  15  0.695767  0.485302
3.6  15  0.692333  0.474216
3.6  15  0.688653  0.462773
3.9  15  1.0089  5.16957
3.9  15  1.00411  4.38595
3.9  15  0.999062  3.77585
3.9  15  0.994012  3.31065
3.9  15  0.989228  2.96154
3.9  15  0.984178  2.66225
3.9  15  0.979394  2.42751
3.9  15  0.974344  2.2189
3.9  15  0.96956  2.05029
3.9  15  0.96451  1.89661
3.9  15  0.959726  1.76966
3.9  15  0.954677  1.65176
3.9  15  0.949893  1.55274
3.9  15  0.945374  1.46876
3.9  15  0.94059  1.38846
3.9  15  0.936072  1.31965
3.9  15  0.931288  1.25323
3.9  15  0.92677  1.19581
3.9  15  0.921986  1.13996
3.9  15  0.917468  1.09132
3.9  15  0.912684  1.0437
3.9  15  0.908165  1.00198
3.9  15  0.903381  0.960892
3.9  15  0.899129  0.926771
3.9  15  0.894876  0.894699
3.9  15  0.890358  0.862667
3.9  15  0.886106  0.834277
3.9  15  0.881587  0.80582
3.9  15  0.877335  0.780513
3.9  15  0.872817  0.755064
3.9  15  0.868564  0.732363
3.9  15  0.864046  0.709469
3.9  15  0.859794  0.688991
3.9  15  0.855541  0.669476
3.9  15  0.851023  0.649721
4.3  15  1.20409  3.35945
4.3  15  1.19823  3.02621
4.3  15  1.19237  2.75068
4.3  15  1.18622  2.50845
4.3  15  1.18036  2.31252
4.3  15  1.1745  2.14343
4.3  15  1.16864  1.99602
4.3  15  1.16277  1.86637
4.3  15  1.15662  1.74605
4.3  15  1.15076  1.64406
4.3  15  1.14519  1.5568
4.3  15  1.13962  1.47761
4.3  15  1.13406  1.40542
4.3  15  1.12849  1.33934
4.3  15  1.12292  1.27863
4.3  15  1.11735  1.22265
4.3  15  1.11179  1.17088
4.3  15  1.10622  1.12285
4.3  15  1.10065  1.07818
4.3  15  1.09508  1.03652
4.3  15  1.08951  0.997588
4.3  15  1.08395  0.961114
4.3  15  1.07867  0.928625
4.3  15  1.0734  0.897971
4.3  15  1.06812  0.869003
4.3  15  1.06314  0.843069
4.3  15  1.05787  0.817002
4.3  15  1.05259  0.792261
4.3  15  1.04732  0.768746
4.3  15  1.04204  0.746369
4.3  15  1.03677  0.72505
4.3  15  1.03149  0.704714
4.3  15  1.02622  0.685296
4.3  15  1.02124  0.667744
4.3  15  1.01626  0.65091
4.3  15  1.01127  0.634749
4.3  15  1.00629  0.619224
4.3  15  1.00131  0.604295
4.3  15  0.996329  0.589931
4.3  15  0.991347  0.5761
4.3  15  0.986366  0.562772
4.3  15  0.981384  0.54992
4.3  15  0.976402  0.53752
4.3  15  0.971714  0.526241
4.3  15  0.966732  0.514652
5.766  18  1.95057  0.449957
5.766  18  2.00599  0.483287
5.766  18  2.05696  0.516658
5.766  18  2.10386  0.549981
5.766  18  2.14715  0.583243
5.766  18  2.18751  0.61668
5.766  18  2.22487  0.649977
5.766  18  2.2597  0.683262
5.766  18  2.29232  0.716628
5.766  18  2.32286  0.749977
5.766  18  2.35147  0.783277
5.766  18  2.37845  0.816664
5.766  18  2.40379  0.849955
5.766  18  2.42772  0.883267
5.766  18  2.45041  0.916681
5.766  18  2.4718  0.949958
5.766  18  2.49207  0.9832
5.766  18  2.51143  1.01666
5.766  18  2.52971  1.0499
5.766  18  2.54715  1.08321
5.766  18  2.56386  1.11669
5.766  18  2.57966  1.14989
5.766  18  2.59485  1.18328
5.766  18  2.60935  1.21665
5.766  18  2.62318  1.24989
5.766  18  2.63644  1.28317
5.766  18  2.6492  1.31656
5.766  18  2.66145  1.34996
5.766  18  2.67313  1.38314
5.766  18  2.68448  1.41666
5.766  18  2.69531  1.44995
5.766  18  2.70576  1.48327
5.766  18  2.7158  1.51654
5.766  18  2.72551  1.5499
5.766  18  2.73488  1.58327
5.766  18  2.74391  1.6166
5.766  18  2.7526  1.64981
5.766  18  2.76107  1.68328
5.766  18  2.7692  1.71652
5.766  18  2.7771  1.74991
5.766  18  2.78472  1.78318
5.766  18  2.79211  1.81651
5.766  18  2.79928  1.84985
5.766  18  2.80622  1.88316
5.766  18  2.81299  1.91667
5.766  18  2.81948  1.94976
5.766  18  2.82586  1.98326
5.766  18  2.83201  2.01652
5.766  18  2.838  2.04981
5.766  18  2.84381  2.08309
5.766  18  2.84951  2.11666
5.766  18  2.85499  2.14979
5.766  18  2.86035  2.18313
5.766  18  2.8656  2.21667
5.766  18  2.87068  2.24999
5.766  18  2.87559  2.28305
5.766  18  2.88044  2.31659
5.766  18  2.88513  2.34979
5.766  18  2.8897  2.38302
5.766  18  2.89421  2.41666
5.766  18  2.89856  2.44984
5.766  18  2.90279  2.48296
5.766  18  2.90697  2.51642
5.766  18  2.91103  2.54976
5.766  18  2.91498  2.58294
5.766  18  2.91888  2.61641
5.766  18  2.92266  2.64966
5.766  18  2.92639  2.68316
5.766  18  2.93  2.71639
5.766  18  2.93355  2.74982
5.766  18  2.937  2.78291
5.766  18  2.94044  2.81672
5.766  18  2.94371  2.84957
5.766  18  2.94699  2.88312
5.766  18  2.9502  2.91679
5.766  18  2.95331  2.94996
5.766  18  2.95636  2.9832
5.766  18  2.95935  3.01649
5.766  18  2.96228  3.04981
5.766  18  2.96516  3.08316
5.766  18  2.96798  3.1165
5.766  18  2.97075  3.14981
5.766  18  2.97346  3.18308
5.766  18  2.97611  3.21629
5.766  18  2.97876  3.25014
5.766  18  2.9813  3.28316
5.766  18  2.98384  3.3168
5.766  18  2.98627  3.34954
5.766  18  2.9887  3.38288
5.766  18  2.99112  3.41684
5.766  18  2.99344  3.4498
5.766  18  2.99575  3.48335
5.766  18  2.99801  3.51667
5.766  18  3.00021  3.54972
5.766  18  3.00241  3.58336
5.766  18  3.00456  3.6167
5.766  18  3.00665  3.64971
5.766  18  3.01077  3.71652
5.766  18  3.01274  3.74935
5.766  18  3.01472  3.78273
5.766  22  2.66962  0.549957
5.766  22  2.73982  0.583268
5.766  22  2.80574  0.616639
5.766  22  2.86755  0.649951
5.766  22  2.92565  0.683231
5.766  22  2.98066  0.716646
5.766  22  3.03238  0.749926
5.766  22  3.08134  0.783223
5.766  22  3.12786  0.816627
5.766  22  3.17186  0.849935
5.766  22  3.21368  0.883259
5.766  22  3.25348  0.916606
5.766  22  3.29135  0.949925
5.766  22  3.32746  0.983245
5.766  22  3.36197  1.01661
5.766  22  3.39489  1.04992
5.766  22  3.42638  1.08323
5.766  22  3.45661  1.11664
5.766  22  3.48549  1.14995
5.766  22  3.51312  1.18316
5.766  22  3.53982  1.21661
5.766  22  3.56535  1.24989
5.766  22  3.58995  1.28325
5.766  22  3.61363  1.31662
5.766  22  3.63639  1.34992
5.766  22  3.65831  1.38321
5.766  22  3.67947  1.41653
5.766  22  3.69987  1.44984
5.766  22  3.71961  1.48321
5.766  22  3.73867  1.51657
5.766  22  3.75706  1.54986
5.766  22  3.77486  1.58319
5.766  22  3.79216  1.61666
5.766  22  3.80878  1.64988
5.766  22  3.82491  1.68313
5.766  22  3.84061  1.71655
5.766  22  3.85581  1.7499
5.766  22  3.8705  1.78315
5.766  22  3.88486  1.81662
5.766  22  3.89872  1.84988
5.766  22  3.91215  1.88309
5.766  22  3.92534  1.91661
5.766  22  3.93802  1.94978
5.766  22  3.95044  1.9832
5.766  22  3.96253  2.01663
5.766  22  3.97421  2.04978
5.766  22  3.98563  2.08309
5.766  22  3.9968  2.11654
5.766  22  4.00763  2.14983
5.766  22  4.01819  2.18314
5.766  22  4.02851  2.21653
5.766  22  4.03855  2.24983
5.766  22  4.04835  2.28312
5.766  22  4.05793  2.31652
5.766  22  4.06726  2.34982
5.766  22  4.07638  2.38311
5.766  22  4.0853  2.41651
5.766  22  4.09399  2.4498
5.766  22  4.10249  2.4831
5.766  22  4.11082  2.51649
5.766  22  4.11894  2.54979
5.766  22  4.12688  2.58309
5.766  22  4.14228  2.64981
5.766  22  4.15703  2.71651
5.766  22  4.16416  2.7498
5.766  22  4.17115  2.7831
5.766  22  4.19127  2.88306
5.766  22  4.19774  2.9165
5.766  22  4.22228  3.04977
5.766  26  3.43888  0.649959
5.766  26  3.5228  0.683243
5.766  26  3.60286  0.716664
5.766  26  3.67872  0.74995
5.766  26  3.75097  0.783225
5.766  26  3.82017  0.816652
5.766  26  3.886  0.849954
5.766  26  3.94891  0.883253
5.766  26  4.00925  0.91664
5.766  26  4.0669  0.949956
5.766  26  4.12211  0.983236
5.766  26  4.17521  1.01661
5.766  26  4.22609  1.04991
5.766  26  4.275  1.08322
5.766  26  4.32215  1.11662
5.766  26  4.36743  1.14995
5.766  26  4.41096  1.18322
5.766  26  4.4531  1.21663
5.766  26  4.4936  1.24993
5.766  26  4.53269  1.28324
5.766  26  4.57051  1.31661
5.766  26  4.60692  1.34987
5.766  26  4.64217  1.38316
5.766  26  4.67636  1.41656
5.766  26  4.70939  1.44989
5.766  26  4.74137  1.48321
5.766  26  4.77242  1.51661
5.766  26  4.80241  1.54989
5.766  26  4.83147  1.58314
5.766  26  4.85983  1.61659
5.766  26  4.88726  1.64992
5.766  26  4.91387  1.68321
5.766  26  4.93978  1.71658
5.766  26  4.96487  1.74984
5.766  26  4.98938  1.78324
5.766  26  5.01319  1.81661
5.766  26  5.0363  1.84989
5.766  26  5.05883  1.88321
5.766  26  5.08077  1.91655
5.766  26  5.10213  1.94987
5.766  26  5.1229  1.98312
5.766  26  5.14321  2.01647
5.766  26  5.16305  2.04989
5.766  26  5.18231  2.08314
5.766  26  5.20121  2.11661
5.766  26  5.21954  2.14984
5.766  26  5.23751  2.18323
5.766  26  5.28886  2.28322
5.766  26  5.3052  2.31655
5.766  26  5.32119  2.34991
5.766  26  5.36694  2.44969
5.766  32  3.74504  0.549964
5.766  32  3.88452  0.583241
5.766  32  4.01857  0.61666
5.766  32  4.14649  0.649952
5.766  32  4.26915  0.683247
5.766  32  4.38726  0.716655
5.766  32  4.50028  0.749945
5.766  32  4.60892  0.783236
5.766  32  4.71371  0.816616
5.766  32  4.81447  0.84996
5.766  32  4.91137  0.883249
5.766  32  5.00512  0.916659
5.766  32  5.09519  0.949935
5.766  32  5.1821  0.9832
5.766  32  5.26639  1.0166
5.766  32  5.3477  1.04994
5.766  32  5.4262  1.08324
5.766  32  5.50243  1.11665
5.766  32  5.57585  1.1499
5.766  32  5.64717  1.18324
5.766  32  5.71638  1.21664
5.766  32  5.78315  1.24987
5.766  32  5.84816  1.28323
5.766  32  5.91124  1.31659
5.766  32  5.9724  1.3499
5.766  32  6.0318  1.38321
5.766  32  6.08963  1.41659
5.766  32  6.1457  1.44989
5.766  32  6.2002  1.48317
5.766  32  6.25347  1.51661
5.766  32  6.30498  1.54984
5.766  32  6.35528  1.58316
5.766  32  6.40434  1.61654
5.766  32  6.452  1.64983
5.766  32  6.49861  1.68323
5.766  32  6.544  1.71659
5.766  32  6.58816  1.74988
5.766  32  6.63126  1.7832
5.766  32  6.67332  1.81651
5.766  32  6.7145  1.84992
5.766  32  6.75445  1.88313
5.766  32  6.7937  1.91653
5.766  32  6.86923  1.98308
5.766  40  2.80805  0.316684
5.766  40  3.04547  0.349978
5.766  40  3.27426  0.383278
5.766  40  3.4955  0.416681
5.766  40  3.7081  0.449956
5.766  40  3.91341  0.483243
5.766  40  4.11252  0.516666
5.766  40  4.30408  0.549937
5.766  40  4.4897  0.583275
5.766  40  4.66939  0.616631
5.766  40  4.84314  0.649948
5.766  40  5.01122  0.683225
5.766  40  5.17472  0.716626
5.766  40  5.33282  0.749942
5.766  40  5.48606  0.783232
5.766  40  5.63526  0.816632
5.766  40  5.7796  0.849914
5.766  40  5.9199  0.883219
5.766  40  6.05669  0.916638
5.766  40  6.18916  0.949933
5.766  40  6.31785  0.983193
5.766  40  6.44357  1.01659
5.766  40  6.56579  1.04996
5.766  40  6.6845  1.08324
5.766  40  6.80052  1.11664
5.766  40  6.91302  1.14989
5.766  40  7.02283  1.18319
5.766  40  7.13021  1.21659
5.766  40  7.23462  1.24989
5.766  40  7.3366  1.28324
5.766  40  7.43616  1.3166
5.766  40  7.53329  1.34994
5.766  40  7.62799  1.38323
5.766  40  7.72053  1.41655
5.766  40  7.81091  1.44986
5.766  40  7.8994  1.48323
5.766  40  7.98574  1.51654
5.766  40  8.07018  1.54986
5.766  40  8.15274  1.58318
5.766  40  8.23368  1.61657
5.766  40  8.31273  1.6499
5.766  40  8.38989  1.68314
5.766  40  8.46571  1.71651
5.766  50  3.26625  0.349996
5.766  50  3.53071  0.383283
5.766  50  3.789  0.416643
5.766  50  4.04028  0.449938
5.766  50  4.28538  0.483242
5.766  50  4.52513  0.51664
5.766  50  4.75829  0.549929
5.766  50  4.98609  0.583251
5.766  50  5.20895  0.616643
5.766  50  5.42604  0.649952
5.766  50  5.63819  0.683273
5.766  50  5.8458  0.716648
5.766  50  6.04806  0.749914
5.766  50  6.24621  0.783248
5.766  50  6.44023  0.816628
5.766  50  6.62972  0.849959
5.766  50  6.81468  0.883213
5.766  50  6.99676  0.916664
5.766  50  7.17389  0.949913
5.766  50  7.34773  0.983242
5.766  50  7.51827  1.01663
5.766  50  7.68469  1.0499
5.766  50  7.84782  1.08318
5.766  50  8.00847  1.11664
5.766  50  8.16501  1.1499
5.766  50  8.31866  1.1832
5.766  50  8.46984  1.21662
5.766  50  8.61732  1.24986
5.766  50  8.76232  1.28319
5.766  50  8.90485  1.31658
5.766  50  9.0445  1.34992
5.766  50  9.18126  1.3832
5.766  50  9.31596  1.41659
5.766  50  9.44778  1.44987
5.766  50  9.70483  1.51657
6.465  8  0.798542  3.57595
6.465  8  0.796906  3.21717
6.465  8  0.79527  2.92272
6.465  8  0.79376  2.69421
6.465  8  0.792124  2.48305
6.465  8  0.790488  2.3019
6.465  8  0.788978  2.15611
6.465  8  0.787343  2.01717
6.465  8  0.785707  1.89456
6.465  8  0.784574  1.81781
7.235  8  0.99814  3.61839
7.235  8  0.996027  3.2764
7.235  8  0.994056  3.00981
7.235  8  0.992084  2.78251
7.235  8  0.990113  2.5864
7.235  8  0.988141  2.41548
7.235  8  0.986029  2.25515
7.235  8  0.984057  2.12307
7.235  8  0.982086  2.00517
7.235  8  0.980678  1.92841
7.933  8  1.2002  3.99739
7.933  8  1.19773  3.62651
7.933  8  1.19526  3.31744
7.933  8  1.1931  3.08639
7.933  8  1.19063  2.85802
7.933  8  1.18831  2.67193
7.933  8  1.18584  2.49775
7.933  8  1.18353  2.35334
7.933  8  1.18106  2.21612
7.933  8  1.17859  2.09354
7.933  8  1.17673  2.00986
8.576  8  1.39764  3.66894
8.576  8  1.3948  3.37855
8.576  8  1.39196  3.12983
8.576  8  1.38913  2.9144
8.576  8  1.38629  2.726
8.576  8  1.38345  2.55984
8.576  8  1.38078  2.42043
8.576  8  1.37794  2.28753
8.576  8  1.3751  2.168
8.576  8  1.37293  2.08441
9.175  8  1.59723  3.68465
9.175  8  1.59383  3.39738
9.175  8  1.59062  3.16281
9.175  8  1.58741  2.95776
9.175  8  1.58419  2.777
9.175  8  1.58098  2.61644
9.175  8  1.57794  2.48046
9.175  8  1.57473  2.3506
9.175  8  1.57151  2.2332
9.175  8  1.56901  2.1494
9.738  8  1.79569  3.62468
9.738  8  1.78944  3.21071
9.738  8  1.78584  3.01159
9.738  8  1.78224  2.83506
9.738  8  1.77863  2.67747
9.738  8  1.77503  2.53594
9.738  8  1.77124  2.40174
9.738  8  1.76783  2.29214
9.738  8  1.76518  2.2133
11.267  8  2.39563  3.72191
11.267  8  2.3908  3.49053
11.267  8  2.38598  3.28546
11.267  8  2.38137  3.11034
11.267  8  2.37655  2.94523
11.267  8  2.3715  2.78976
11.267  8  2.36668  2.65514
11.267  8  2.36207  2.53777
11.267  8  2.35725  2.42503
