0.15  60  0.00273872  0.0729724
0.15  60  0.00263338  0.0561326
0.15  60  0.00252805  0.0449061
0.15  60  0.00242271  0.0368871
0.15  60  0.00231738  0.0308729
0.15  75  0.00408726  0.087123
0.15  75  0.00392377  0.0696984
0.15  75  0.00376027  0.0572523
0.15  75  0.00359678  0.0479177
0.15  75  0.00343329  0.0406574
0.15  75  0.0032698  0.0348492
0.15  75  0.00310631  0.030097
0.15  75  0.00294282  0.0261369
0.15  75  0.00277933  0.022786
0.15  90  0.0058377  0.124435
0.15  90  0.00560419  0.0995482
0.15  90  0.00537069  0.0817717
0.15  90  0.00513718  0.0684394
0.15  90  0.00490367  0.0580698
0.15  90  0.00467016  0.0497741
0.15  90  0.00443665  0.0429867
0.15  90  0.00420315  0.0373306
0.15  90  0.00396964  0.0325446
0.15  90  0.00373613  0.0284423
0.15  90  0.00350262  0.024887
0.15  90  0.00326911  0.0217762
0.15  90  0.00303561  0.0190313
0.15  145  0.014516  0.30942
0.15  145  0.0133547  0.203333
0.15  145  0.0121934  0.144396
0.15  145  0.0110321  0.10689
0.15  145  0.00987087  0.0809251
0.15  145  0.00870959  0.0618839
0.15  145  0.00754831  0.047323
0.2  60  0.00491565  0.104781
0.2  60  0.00463475  0.0705667
0.2  60  0.00435386  0.0515588
0.2  60  0.00407296  0.0394629
0.2  60  0.00379207  0.0310888
0.2  60  0.00351118  0.0249478
0.2  60  0.00323028  0.0202518
0.2  75  0.00762954  0.16263
0.2  75  0.00719357  0.109526
0.2  75  0.0067576  0.0800241
0.2  75  0.00632162  0.0612501
0.2  75  0.00588565  0.0482528
0.2  75  0.00544967  0.0387214
0.2  75  0.0050137  0.0314326
0.2  75  0.00457773  0.0256784
0.2  75  0.00414175  0.0210202
0.2  75  0.00370578  0.0171721
0.2  75  0.0032698  0.0139397
0.2  75  0.00283383  0.0111862
0.2  90  0.010897  0.232279
0.2  90  0.0102744  0.156433
0.2  90  0.00965167  0.114296
0.2  90  0.00902898  0.0874817
0.2  90  0.00840629  0.068918
0.2  90  0.0077836  0.0553045
0.2  90  0.00716092  0.0448943
0.2  90  0.00653823  0.0366756
0.2  90  0.00591554  0.0300225
0.2  90  0.00529285  0.0245264
0.2  90  0.00467016  0.0199096
0.2  90  0.00404747  0.0159769
0.2  145  0.0263223  0.467567
0.2  145  0.0247739  0.330048
0.2  145  0.0232256  0.247536
0.2  145  0.0216772  0.192528
0.2  145  0.0201288  0.153236
0.2  145  0.0185805  0.123768
0.2  145  0.0170321  0.100848
0.2  145  0.0154837  0.0825119
0.2  145  0.0139353  0.0675097
0.2  145  0.012387  0.0550079
0.2  145  0.0108386  0.0444295
0.25  34  0.00255734  0.0545116
0.25  34  0.00244368  0.0372063
0.25  34  0.00233002  0.0275923
0.25  34  0.00221636  0.0214743
0.25  34  0.0021027  0.0172387
0.25  34  0.00198904  0.0141326
0.25  34  0.00187538  0.0117574
0.25  34  0.00176172  0.00988222
0.25  60  0.00754903  0.114938
0.25  60  0.00719791  0.0852384
0.25  60  0.00684679  0.0663385
0.25  60  0.00649568  0.053254
0.25  60  0.00614456  0.0436587
0.25  60  0.00579344  0.0363211
0.25  60  0.00544232  0.0305282
0.25  60  0.0050912  0.0258388
0.25  60  0.00474009  0.0219649
0.25  60  0.00438897  0.0187109
0.25  60  0.00403785  0.0159389
0.25  75  0.0122618  0.261369
0.25  75  0.0117168  0.178395
0.25  75  0.0111718  0.132298
0.25  75  0.0106269  0.102964
0.25  75  0.0100819  0.0826552
0.25  75  0.00953693  0.0677624
0.25  75  0.00899196  0.0563737
0.25  75  0.00844699  0.0473827
0.25  75  0.00790203  0.0401043
0.25  75  0.00735706  0.0340916
0.25  75  0.00681209  0.029041
0.25  75  0.00626712  0.0247386
0.25  75  0.00572216  0.0210297
0.25  75  0.00517719  0.0177993
0.25  75  0.00463222  0.0149605
0.25  90  0.0163456  0.217762
0.25  90  0.0155672  0.165914
0.25  90  0.0147888  0.131348
0.25  90  0.0140105  0.106659
0.25  90  0.0132321  0.0881416
0.25  90  0.0124538  0.0737394
0.25  90  0.0116754  0.0622176
0.25  90  0.010897  0.0527907
0.25  90  0.0101187  0.0449349
0.25  90  0.00934032  0.0382878
0.25  90  0.00856196  0.0325902
0.25  90  0.0077836  0.0276523
0.25  90  0.00700524  0.0233316
0.25  90  0.00622688  0.0195192
0.25  90  0.00544852  0.0161305
0.25  145  0.0406448  0.541484
0.25  145  0.0387093  0.412559
0.25  145  0.0367738  0.32661
0.25  145  0.0348384  0.265217
0.25  145  0.0329029  0.219172
0.25  145  0.0309674  0.18336
0.25  145  0.029032  0.15471
0.25  145  0.0270965  0.131269
0.25  145  0.025161  0.111735
0.25  145  0.0232256  0.095206
0.25  145  0.0212901  0.0810385
0.25  145  0.0193546  0.0687599
0.25  145  0.0174192  0.0580162
0.25  145  0.0154837  0.0485364
0.25  145  0.0135483  0.0401099
0.279  134.5  0.0409131  0.357416
0.279  134.5  0.0401624  0.329267
0.279  134.5  0.0394117  0.304381
0.279  134.5  0.0390364  0.29299
0.279  134.5  0.0382857  0.27203
0.279  134.5  0.0377226  0.25772
0.279  134.5  0.0371596  0.244471
0.279  134.5  0.0365966  0.232168
0.279  134.5  0.0358459  0.217069
0.279  134.5  0.0335938  0.17902
0.279  134.5  0.0330308  0.170892
0.279  134.5  0.0324677  0.163225
0.279  134.5  0.0319047  0.15598
0.279  134.5  0.0315294  0.151368
0.279  134.5  0.0309664  0.144753
0.279  134.5  0.0304033  0.138477
0.279  134.5  0.0298403  0.132514
0.279  134.5  0.0292773  0.126843
0.279  134.5  0.0264622  0.102185
0.279  134.5  0.0258991  0.097883
0.279  134.5  0.0255238  0.0951153
0.279  134.5  0.022521  0.0754799
0.279  134.5  0.0221456  0.0732999
0.279  134.5  0.0217703  0.0711734
0.279  134.5  0.0197059  0.0603514
0.279  134.5  0.0193305  0.0585291
0.279  134.5  0.0189552  0.0567478
0.279  134.5  0.0187675  0.055872
0.279  134.5  0.0183921  0.0541495
0.279  134.5  0.0168907  0.0476242
0.279  134.5  0.0167031  0.0468472
0.279  134.5  0.0163277  0.0453174
0.279  134.5  0.0146386  0.0388102
0.279  134.5  0.0142633  0.0374425
0.279  134.5  0.0140756  0.0367687
0.279  134.5  0.0131372  0.0334965
0.279  134.5  0.0129496  0.0328607
0.279  134.5  0.0127619  0.032231
0.279  134.5  0.0118235  0.0291698
0.279  134.5  0.0116358  0.0285745
0.279  134.5  0.0114482  0.0279847
0.3  34  0.00375076  0.0799504
0.3  34  0.00361437  0.0550308
0.3  34  0.00347798  0.0411866
0.3  34  0.00334159  0.0323766
0.3  34  0.00320519  0.0262774
0.3  34  0.0030688  0.0218046
0.3  34  0.00293241  0.0183843
0.3  34  0.00279602  0.015684
0.3  34  0.00265963  0.0134981
0.3  34  0.00252324  0.0116923
0.3  34  0.00238685  0.0101755
0.3  34  0.00225046  0.00888337
0.3  34  0.00211406  0.00776947
0.3  60  0.0115869  0.246983
0.3  60  0.0111655  0.170002
0.3  60  0.0107442  0.127234
0.3  60  0.0103229  0.100018
0.3  60  0.00990152  0.0811764
0.3  60  0.00948017  0.0673591
0.3  60  0.00905883  0.056793
0.3  60  0.00863749  0.0484513
0.3  60  0.00821615  0.0416985
0.3  60  0.00779481  0.0361201
0.3  60  0.00737347  0.0314342
0.3  60  0.00695213  0.0274426
0.3  60  0.00653079  0.0240015
0.3  60  0.00610945  0.0210045
0.3  60  0.0056881  0.0183707
0.3  60  0.00526676  0.0160379
0.3  60  0.00484542  0.0139573
0.3  75  0.0176569  0.313643
0.3  75  0.017003  0.22652
0.3  75  0.016349  0.174246
0.3  75  0.0156951  0.139397
0.3  75  0.0150411  0.114505
0.3  75  0.0143871  0.0958353
0.3  75  0.0137332  0.0813148
0.3  75  0.0130792  0.0696984
0.3  75  0.0124253  0.0601941
0.3  75  0.0117713  0.0522738
0.3  75  0.0111173  0.0455721
0.3  75  0.0104634  0.0398277
0.3  75  0.00980941  0.0348492
0.3  75  0.00915545  0.0304931
0.3  75  0.00850149  0.0266494
0.3  75  0.00784753  0.0232328
0.3  75  0.00719357  0.0201759
0.3  75  0.00653961  0.0174246
0.3  75  0.00588565  0.0149354
0.3  90  0.0247519  0.376861
0.3  90  0.0238178  0.282053
0.3  90  0.0228838  0.221721
0.3  90  0.0219498  0.179952
0.3  90  0.0210157  0.149322
0.3  90  0.0200817  0.125899
0.3  90  0.0191477  0.107407
0.3  90  0.0182136  0.0924376
0.3  90  0.0172796  0.0800713
0.3  90  0.0163456  0.0696837
0.3  90  0.0154115  0.060835
0.3  90  0.0144775  0.0532068
0.3  90  0.0135435  0.0465628
0.3  90  0.0126094  0.0407242
0.3  90  0.0116754  0.0355529
0.3  90  0.0107414  0.0309406
0.3  90  0.00980734  0.0268014
0.3  90  0.00887331  0.023066
0.3  90  0.00793928  0.0196781
0.3  90  0.00700524  0.0165914
0.3  90  0.00607121  0.0137673
0.3  145  0.0592252  0.701351
0.3  145  0.0569027  0.551329
0.3  145  0.0545801  0.447468
0.3  145  0.0522575  0.371303
0.3  145  0.049935  0.31306
0.3  145  0.0476124  0.267078
0.3  145  0.0452899  0.229855
0.3  145  0.0429673  0.199105
0.3  145  0.0406448  0.173275
0.3  145  0.0383222  0.151272
0.3  145  0.0359996  0.132304
0.3  145  0.0336771  0.115783
0.3  145  0.0313545  0.101265
0.3  145  0.029032  0.0884056
0.3  145  0.0267094  0.0769368
0.3  145  0.0243869  0.0666442
0.3  145  0.0220643  0.0573558
0.3  145  0.0197417  0.0489315
0.3  145  0.0174192  0.0412559
0.3  145  0.0150966  0.0342337
0.328  134.5  0.0591304  0.525171
0.328  134.5  0.0580272  0.475729
0.328  134.5  0.056924  0.43335
0.328  134.5  0.0549383  0.370586
0.328  134.5  0.0538351  0.341529
0.328  134.5  0.0529526  0.320661
0.328  134.5  0.0518494  0.297099
0.328  134.5  0.0509668  0.279999
0.328  134.5  0.0500843  0.264254
0.328  134.5  0.0487605  0.242843
0.328  134.5  0.0478779  0.229855
0.328  134.5  0.047216  0.220712
0.328  134.5  0.0461129  0.206498
0.328  134.5  0.0452303  0.195959
0.328  134.5  0.0443478  0.186084
0.328  134.5  0.0432446  0.174582
0.328  134.5  0.0425827  0.168089
0.328  134.5  0.0417001  0.159869
0.328  134.5  0.0408176  0.152108
0.328  134.5  0.0399351  0.14477
0.328  134.5  0.0392731  0.139523
0.328  134.5  0.0372874  0.12497
0.328  134.5  0.0366255  0.120479
0.328  134.5  0.0359636  0.11615
0.328  134.5  0.0344192  0.106638
0.328  134.5  0.0337573  0.102795
0.328  134.5  0.033316  0.100305
0.328  134.5  0.0304477  0.085397
0.328  134.5  0.0300065  0.0832827
0.328  134.5  0.0293445  0.0801925
0.328  134.5  0.0266969  0.0687277
0.328  134.5  0.0262556  0.0669449
0.328  134.5  0.0258144  0.0651959
0.328  134.5  0.023608  0.0569257
0.328  134.5  0.0231667  0.0553607
0.328  134.5  0.0227255  0.0538235
0.328  134.5  0.0205191  0.0465299
0.328  134.5  0.0202985  0.0458345
0.328  134.5  0.0198572  0.0444613
0.35  34  0.0051715  0.110235
0.35  34  0.00501238  0.0763163
0.35  34  0.00485326  0.0574727
0.35  34  0.00469413  0.0454814
0.35  34  0.00453501  0.0371797
0.35  34  0.00437589  0.0310918
0.35  34  0.00421676  0.0264364
0.35  34  0.00405764  0.022761
0.35  34  0.00389852  0.0197857
0.35  34  0.00373939  0.0173278
0.35  34  0.00358027  0.0152633
0.35  34  0.00342115  0.0135045
0.35  34  0.00326202  0.0119884
0.35  34  0.0031029  0.0106679
0.35  34  0.00294378  0.00950741
0.35  34  0.00278465  0.00847958
0.35  34  0.00262553  0.00756287
0.35  34  0.00246641  0.00674018
0.35  60  0.0157301  0.279416
0.35  60  0.0152385  0.203013
0.35  60  0.0147469  0.157171
0.35  60  0.0142554  0.12661
0.35  60  0.0137638  0.104781
0.35  60  0.0132722  0.0884088
0.35  60  0.0127807  0.075675
0.35  60  0.0122891  0.065488
0.35  60  0.0117976  0.0571532
0.35  60  0.011306  0.0502075
0.35  60  0.0108144  0.0443304
0.35  60  0.0103229  0.0392928
0.35  60  0.00983129  0.0349269
0.35  60  0.00933973  0.0311068
0.35  60  0.00884816  0.0277361
0.35  60  0.0083566  0.0247399
0.35  60  0.00786503  0.0220591
0.35  60  0.00737347  0.0196464
0.35  60  0.0068819  0.0174635
0.35  60  0.00639034  0.015479
0.35  60  0.00589878  0.0136671
0.35  60  0.00540721  0.0120061
0.35  75  0.0240331  0.365917
0.35  75  0.0232701  0.275567
0.35  75  0.0225072  0.218072
0.35  75  0.0217442  0.178267
0.35  75  0.0209812  0.149077
0.35  75  0.0202183  0.126755
0.35  75  0.0194553  0.109133
0.35  75  0.0186924  0.0948673
0.35  75  0.0179294  0.0830825
0.35  75  0.0171665  0.0731834
0.35  75  0.0164035  0.0647507
0.35  75  0.0156406  0.0574812
0.35  75  0.0148776  0.0511497
0.35  75  0.0141147  0.0455856
0.35  75  0.0133517  0.0406574
0.35  75  0.0125887  0.036262
0.35  75  0.0118258  0.0323174
0.35  75  0.0110628  0.0287577
0.35  75  0.0102999  0.0255291
0.35  75  0.00953693  0.0225875
0.35  75  0.00877397  0.0198962
0.35  75  0.00801102  0.0174246
0.35  75  0.00724807  0.0151469
0.35  75  0.00648511  0.0130411
0.35  90  0.033236  0.393584
0.35  90  0.0321463  0.311465
0.35  90  0.0310566  0.254614
0.35  90  0.0299669  0.212922
0.35  90  0.0288772  0.181041
0.35  90  0.0277875  0.155871
0.35  90  0.0266978  0.135496
0.35  90  0.0256081  0.118664
0.35  90  0.0245184  0.104526
0.35  90  0.0234286  0.0924815
0.35  90  0.0223389  0.0820986
0.35  90  0.0212492  0.0730555
0.35  90  0.0201595  0.0651085
0.35  90  0.0190698  0.0580698
0.35  90  0.0179801  0.0517919
0.35  90  0.0168904  0.046158
0.35  90  0.0158007  0.0410737
0.35  90  0.014711  0.0364624
0.35  90  0.0136213  0.032261
0.35  90  0.0125316  0.0284171
0.35  90  0.0114419  0.024887
0.35  90  0.0103522  0.0216338
0.35  90  0.00926249  0.0186261
0.35  90  0.00817278  0.0158372
0.35  90  0.00708308  0.013244
0.35  145  0.0758702  0.577583
0.35  145  0.0731606  0.487336
0.35  145  0.0704509  0.417143
0.35  145  0.0677413  0.360989
0.35  145  0.0650316  0.315045
0.35  145  0.062322  0.276759
0.35  145  0.0596123  0.244362
0.35  145  0.0569027  0.216594
0.35  145  0.054193  0.192528
0.35  145  0.0514834  0.17147
0.35  145  0.0487737  0.15289
0.35  145  0.0460641  0.136374
0.35  145  0.0433544  0.121596
0.35  145  0.0406448  0.108297
0.35  145  0.0379351  0.0962639
0.35  145  0.0352255  0.0853248
0.35  145  0.0325158  0.0753369
0.35  145  0.0298062  0.0661814
0.35  145  0.0270965  0.0577583
0.35  145  0.0243869  0.0499832
0.35  145  0.0216772  0.0427839
0.35  145  0.0189676  0.0360989
0.364  60  0.0172284  0.340033
0.364  60  0.0169216  0.273256
0.364  60  0.0166149  0.227025
0.364  60  0.0165126  0.214622
0.364  60  0.0162059  0.183745
0.364  60  0.0159503  0.163458
0.364  60  0.0157969  0.153056
0.364  60  0.0154902  0.135322
0.364  60  0.0152346  0.123006
0.364  60  0.0150301  0.114421
0.364  60  0.0147745  0.104976
0.364  60  0.0145189  0.0967127
0.364  60  0.0143655  0.0922324
0.364  60  0.0141099  0.085444
0.364  60  0.0138543  0.0793856
0.364  60  0.013752  0.0771408
0.364  60  0.0134964  0.0719216
0.364  60  0.0132408  0.0671994
0.364  60  0.0131385  0.0654342
0.364  60  0.0128829  0.0612968
0.364  60  0.0126784  0.0582437
0.364  60  0.0125251  0.0560886
0.364  60  0.0123206  0.0533786
0.364  60  0.012065  0.0502293
0.364  60  0.0111448  0.0406779
0.364  60  0.0109403  0.0388667
0.364  60  0.0107869  0.0375704
0.364  60  0.00996893  0.0314342
0.364  60  0.00981556  0.0304108
0.364  60  0.00961107  0.0291005
0.364  60  0.00889535  0.0249489
0.364  60  0.00874198  0.0241376
0.364  60  0.00858862  0.0233512
0.364  60  0.00792402  0.0202042
0.364  60  0.00782178  0.0197544
0.364  60  0.00766841  0.0190956
0.364  60  0.00710606  0.0168301
0.364  60  0.00695269  0.0162502
0.364  60  0.00685044  0.015872
0.364  60  0.00633922  0.0140756
0.364  60  0.00618585  0.0135655
0.364  60  0.0060836  0.0132323
0.364  60  0.0056235  0.0117982
0.364  60  0.00552125  0.0114931
0.364  60  0.00541901  0.0111929
0.367  134.5  0.0718391  0.503719
0.367  134.5  0.0703579  0.457236
0.367  134.5  0.0691235  0.423397
0.367  134.5  0.0678892  0.393237
0.367  134.5  0.0666548  0.366186
0.367  134.5  0.0654205  0.341786
0.367  134.5  0.0624581  0.291961
0.367  134.5  0.0612237  0.274166
0.367  134.5  0.0602362  0.260972
0.367  134.5  0.058755  0.242715
0.367  134.5  0.0575207  0.22875
0.367  134.5  0.0565332  0.218306
0.367  134.5  0.055052  0.203728
0.367  134.5  0.0540645  0.194667
0.367  134.5  0.0533239  0.188185
0.367  134.5  0.0518427  0.175966
0.367  134.5  0.051102  0.1702
0.367  134.5  0.0501146  0.16284
0.367  134.5  0.0486333  0.15245
0.367  134.5  0.0478927  0.147525
0.367  134.5  0.0469053  0.141218
0.367  134.5  0.0444366  0.126631
0.367  134.5  0.043696  0.122554
0.367  134.5  0.0429553  0.118604
0.367  134.5  0.0390054  0.0994535
0.367  134.5  0.0382648  0.0961845
0.367  134.5  0.0377711  0.0940561
0.367  134.5  0.0343149  0.0802027
0.367  134.5  0.0338212  0.0783614
0.367  134.5  0.0330806  0.0756586
0.367  134.5  0.0301181  0.0655093
0.367  134.5  0.0296244  0.0639136
0.367  134.5  0.0291306  0.0623436
0.367  134.5  0.0266619  0.0548571
0.367  134.5  0.0261682  0.0534287
0.367  134.5  0.0256745  0.052022
0.367  134.5  0.0234526  0.0459477
0.367  134.5  0.0229589  0.0446521
0.367  134.5  0.022712  0.0440113
0.4  34  0.00681956  0.145364
0.4  34  0.00663771  0.101063
0.4  34  0.00645585  0.0764509
0.4  34  0.006274  0.0607887
0.4  34  0.00609214  0.0499457
0.4  34  0.00591029  0.0419941
0.4  34  0.00572843  0.0359135
0.4  34  0.00554658  0.0311131
0.4  34  0.00536472  0.027227
0.4  34  0.00518287  0.0240167
0.4  34  0.00500101  0.0213201
0.4  34  0.00481916  0.019023
0.4  34  0.0046373  0.0170427
0.4  34  0.00445545  0.015318
0.4  34  0.00427359  0.0138023
0.4  34  0.00409174  0.0124598
0.4  34  0.00390988  0.0112625
0.4  34  0.00372803  0.0101879
0.4  34  0.00354617  0.00921822
0.4  34  0.00336432  0.00833873
0.4  34  0.00318246  0.00753741
0.4  34  0.00300061  0.00680429
0.4  34  0.00281875  0.00613101
0.4  60  0.0205053  0.312204
0.4  60  0.0199435  0.236173
0.4  60  0.0193817  0.187789
0.4  60  0.0188199  0.154293
0.4  60  0.0182581  0.129729
0.4  60  0.0176963  0.110944
0.4  60  0.0171345  0.0961147
0.4  60  0.0165727  0.0841098
0.4  60  0.016011  0.0741926
0.4  60  0.0154492  0.0658622
0.4  60  0.0148874  0.058766
0.4  60  0.0143256  0.0526485
0.4  60  0.0137638  0.0473204
0.4  60  0.013202  0.0426381
0.4  60  0.0126402  0.0384909
0.4  60  0.0120784  0.0347921
0.4  60  0.0115167  0.0314726
0.4  60  0.0109549  0.028477
0.4  60  0.0103931  0.0257601
0.4  60  0.00983129  0.0232846
0.4  60  0.0092695  0.0210199
0.4  60  0.00870772  0.01894
0.4  60  0.00814593  0.0170232
0.4  60  0.00758414  0.0152511
0.4  60  0.00702235  0.0136079
0.4  60  0.00646056  0.01208
0.4  75  0.0309541  0.366562
0.4  75  0.0300822  0.291466
0.4  75  0.0292103  0.239477
0.4  75  0.0283383  0.201351
0.4  75  0.0274664  0.172196
0.4  75  0.0265944  0.149179
0.4  75  0.0257225  0.130546
0.4  75  0.0248505  0.115154
0.4  75  0.0239786  0.102224
0.4  75  0.0231066  0.0912103
0.4  75  0.0222347  0.0817154
0.4  75  0.0213627  0.0734457
0.4  75  0.0204908  0.0661783
0.4  75  0.0196188  0.0597415
0.4  75  0.0187469  0.0540006
0.4  75  0.0178749  0.0488485
0.4  75  0.017003  0.044199
0.4  75  0.016131  0.039982
0.4  75  0.0152591  0.0361399
0.4  75  0.0143871  0.0326248
0.4  75  0.0135152  0.0293966
0.4  75  0.0126432  0.0264216
0.4  75  0.0117713  0.0236712
0.4  75  0.0108993  0.0211207
0.4  75  0.0100274  0.0187493
0.4  75  0.00915545  0.0165386
0.4  75  0.0082835  0.0144729
0.4  75  0.00741156  0.0125383
0.4  90  0.0429655  0.416292
0.4  90  0.0417201  0.342037
0.4  90  0.0404747  0.287584
0.4  90  0.0392294  0.245942
0.4  90  0.037984  0.213068
0.4  90  0.0367386  0.186455
0.4  90  0.0354932  0.164471
0.4  90  0.0342479  0.146004
0.4  90  0.0330025  0.130273
0.4  90  0.0317571  0.116712
0.4  90  0.0305117  0.1049
0.4  90  0.0292664  0.0945205
0.4  90  0.028021  0.085327
0.4  90  0.0267756  0.0771274
0.4  90  0.0255302  0.0697688
0.4  90  0.0242848  0.0631281
0.4  90  0.0230395  0.0571051
0.4  90  0.0217941  0.0516176
0.4  90  0.0205487  0.046597
0.4  90  0.0193033  0.0419863
0.4  90  0.018058  0.0377372
0.4  90  0.0168126  0.0338088
0.4  90  0.0155672  0.0301661
0.4  90  0.0143218  0.026779
0.4  90  0.0130765  0.0236216
0.4  90  0.0118311  0.0206712
0.4  90  0.0105857  0.0179081
0.4  90  0.00934032  0.0153151
0.4  90  0.00809495  0.0128769
0.4  145  0.0990958  0.660095
0.4  145  0.0959991  0.568415
0.4  145  0.0929023  0.495071
0.4  145  0.0898056  0.435063
0.4  145  0.0867088  0.385055
0.4  145  0.0836121  0.342742
0.4  145  0.0805153  0.306473
0.4  145  0.0774186  0.27504
0.4  145  0.0743218  0.247536
0.4  145  0.0712251  0.223267
0.4  145  0.0681284  0.201696
0.4  145  0.0650316  0.182395
0.4  145  0.0619349  0.165024
0.4  145  0.0588381  0.149307
0.4  145  0.0557414  0.135019
0.4  145  0.0526446  0.121974
0.4  145  0.0495479  0.110016
0.4  145  0.0464512  0.0990143
0.4  145  0.0433544  0.088859
0.4  145  0.0402577  0.0794559
0.4  145  0.0371609  0.0707245
0.4  145  0.0340642  0.0625952
0.4  145  0.0309674  0.0550079
0.4  145  0.0278707  0.0479101
0.4  145  0.0247739  0.0412559
0.4  145  0.0216772  0.035005
0.45  34  0.00869494  0.185339
0.45  34  0.00849036  0.12927
0.45  34  0.00828577  0.0981209
0.45  34  0.00808118  0.0782985
0.45  34  0.0078766  0.0645753
0.45  34  0.00767201  0.0545116
0.45  34  0.00746742  0.0468159
0.45  34  0.00726283  0.0407403
0.45  34  0.00705825  0.0358219
0.45  34  0.00685366  0.0317589
0.45  34  0.00664907  0.028346
0.45  34  0.00644449  0.0254388
0.45  34  0.0062399  0.0229325
0.45  34  0.00603531  0.0207496
0.45  34  0.00583073  0.0188313
0.45  34  0.00562614  0.0171322
0.45  34  0.00542155  0.0156168
0.45  34  0.00521697  0.0142569
0.45  34  0.00501238  0.0130296
0.45  34  0.00480779  0.0119165
0.45  34  0.0046032  0.0109023
0.45  34  0.00439862  0.00997447
0.45  34  0.00419403  0.00912235
0.45  34  0.00398944  0.00833707
0.45  34  0.00378486  0.00761106
0.45  34  0.00358027  0.00693784
0.45  34  0.00337568  0.00631187
0.45  34  0.0031711  0.00572834
0.45  60  0.0259125  0.345215
0.45  60  0.0252805  0.269436
0.45  60  0.0246485  0.218917
0.45  60  0.0240164  0.182832
0.45  60  0.0233844  0.155768
0.45  60  0.0227524  0.134718
0.45  60  0.0221204  0.117878
0.45  60  0.0214884  0.1041
0.45  60  0.0208564  0.0926188
0.45  60  0.0202244  0.0829035
0.45  60  0.0195924  0.0745762
0.45  60  0.0189603  0.0673591
0.45  60  0.0183283  0.0610442
0.45  60  0.0176963  0.0554722
0.45  60  0.0170643  0.0505193
0.45  60  0.0164323  0.0460878
0.45  60  0.0158003  0.0420994
0.45  60  0.0151683  0.0384909
0.45  60  0.0145363  0.0352104
0.45  60  0.0139043  0.0322152
0.45  60  0.0132722  0.0294696
0.45  60  0.0126402  0.0269436
0.45  60  0.0120082  0.024612
0.45  60  0.0113762  0.022453
0.45  60  0.0107442  0.0204483
0.45  60  0.0101122  0.0185818
0.45  60  0.00948017  0.0168398
0.45  60  0.00884816  0.0152101
0.45  60  0.00821615  0.0136823
0.45  60  0.00758414  0.0122471
0.45  60  0.00695213  0.0108963
0.45  75  0.0392377  0.418191
0.45  75  0.0382567  0.33978
0.45  75  0.0372758  0.283772
0.45  75  0.0362948  0.241766
0.45  75  0.0353139  0.209095
0.45  75  0.0343329  0.182958
0.45  75  0.033352  0.161574
0.45  75  0.0323711  0.143753
0.45  75  0.0313901  0.128674
0.45  75  0.0304092  0.115749
0.45  75  0.0294282  0.104548
0.45  75  0.0284473  0.0947463
0.45  75  0.0274664  0.0860981
0.45  75  0.0264854  0.0784107
0.45  75  0.0255045  0.0715326
0.45  75  0.0245235  0.0653423
0.45  75  0.0235426  0.0597415
0.45  75  0.0225616  0.0546499
0.45  75  0.0215807  0.050001
0.45  75  0.0205998  0.0457396
0.45  75  0.0196188  0.0418191
0.45  75  0.0186379  0.0382001
0.45  75  0.0176569  0.0348492
0.45  75  0.016676  0.0317377
0.45  75  0.0156951  0.0288407
0.45  75  0.0147141  0.0261369
0.45  75  0.0137332  0.0236075
0.45  75  0.0127522  0.0212362
0.45  75  0.0117713  0.0190087
0.45  75  0.0107904  0.0169121
0.45  75  0.00980941  0.0149354
0.45  75  0.00882847  0.0130685
0.45  90  0.0539404  0.442224
0.45  90  0.0525393  0.373306
0.45  90  0.0511383  0.320604
0.45  90  0.0497372  0.278997
0.45  90  0.0483362  0.245315
0.45  90  0.0469351  0.217491
0.45  90  0.0455341  0.194119
0.45  90  0.044133  0.174209
0.45  90  0.042732  0.157046
0.45  90  0.0413309  0.142097
0.45  90  0.0399299  0.12896
0.45  90  0.0385288  0.117325
0.45  90  0.0371278  0.106947
0.45  90  0.0357267  0.0976338
0.45  90  0.0343257  0.0892291
0.45  90  0.0329246  0.0816063
0.45  90  0.0315236  0.0746611
0.45  90  0.0301225  0.068307
0.45  90  0.0287215  0.0624715
0.45  90  0.0273204  0.0570938
0.45  90  0.0259194  0.0521219
0.45  90  0.0245184  0.0475116
0.45  90  0.0231173  0.0432249
0.45  90  0.0217163  0.0392287
0.45  90  0.0203152  0.0354946
0.45  90  0.0189142  0.0319976
0.45  90  0.0175131  0.0287158
0.45  90  0.0161121  0.0256299
0.45  90  0.014711  0.0227229
0.45  90  0.01331  0.0199797
0.45  90  0.0119089  0.0173868
0.45  90  0.0105079  0.0149322
0.45  90  0.00910682  0.0126051
0.476  60  0.0294821  0.448881
0.476  60  0.028613  0.317661
0.476  60  0.028145  0.272697
0.476  60  0.0276102  0.233545
0.476  60  0.0272091  0.210139
0.476  60  0.0267411  0.187503
0.476  60  0.0262731  0.168685
0.476  60  0.0258052  0.152794
0.476  60  0.0254041  0.141018
0.476  60  0.0249361  0.129013
0.476  60  0.024535  0.11995
0.476  60  0.0241339  0.111833
0.476  60  0.0236659  0.103372
0.476  60  0.0232648  0.0968568
0.476  60  0.0228637  0.0909247
0.476  60  0.0224625  0.0855012
0.476  60  0.0223957  0.0846421
0.476  60  0.0219946  0.0797332
0.476  60  0.0215934  0.0752094
0.476  60  0.0201227  0.0612758
0.476  60  0.0197884  0.0585841
0.476  60  0.0194542  0.0560379
0.476  60  0.0185851  0.0500196
0.476  60  0.0182508  0.0479101
0.476  60  0.0179165  0.0459021
0.476  60  0.017248  0.0421623
0.476  60  0.0169138  0.0404181
0.476  60  0.0166463  0.0390782
0.476  60  0.0138385  0.0274144
0.476  60  0.013638  0.0267191
0.476  60  0.0133706  0.0258156
0.476  60  0.0121672  0.0220539
0.476  60  0.0118998  0.0212797
0.476  60  0.0116992  0.0207125
0.476  60  0.00976051  0.0157616
0.476  60  0.0096268  0.015452
0.476  60  0.00942624  0.0149946
0.476  60  0.00742066  0.0108341
0.476  60  0.00728695  0.0105809
0.476  60  0.00715325  0.0103304
0.5  34  0.0107976  0.23016
0.5  34  0.0105703  0.160939
0.5  34  0.010343  0.122483
0.5  34  0.0101157  0.0980108
0.5  34  0.00988837  0.0810686
0.5  34  0.00966105  0.0686443
0.5  34  0.00943373  0.0591433
0.5  34  0.00920641  0.0516426
0.5  34  0.00897909  0.0455706
0.5  34  0.00875177  0.0405545
0.5  34  0.00852445  0.0363411
0.5  34  0.00829713  0.0327518
0.5  34  0.00806982  0.0296577
0.5  34  0.0078425  0.0269627
0.5  34  0.00761518  0.0245945
0.5  34  0.00738786  0.0224969
0.5  34  0.00716054  0.020626
0.5  34  0.00693322  0.0189471
0.5  34  0.0067059  0.0174319
0.5  34  0.00647858  0.0160577
0.5  34  0.00625127  0.0148056
0.5  34  0.00602395  0.0136601
0.5  34  0.00579663  0.0126081
0.5  34  0.00556931  0.0116386
0.5  34  0.00534199  0.0107423
0.5  34  0.00511467  0.0099112
0.5  34  0.00488735  0.0091384
0.5  34  0.00466003  0.00841799
0.5  34  0.00443272  0.00774482
0.5  34  0.0042054  0.00711439
0.5  34  0.00397808  0.00652276
0.5  34  0.00375076  0.00596645
0.5  34  0.00352344  0.00544238
0.5  60  0.0308983  0.274426
0.5  60  0.0301961  0.229876
0.5  60  0.0294939  0.196464
0.5  60  0.0287916  0.170477
0.5  60  0.0280894  0.149687
0.5  60  0.0273872  0.132677
0.5  60  0.0266849  0.118502
0.5  60  0.0259827  0.106508
0.5  60  0.0252805  0.0962273
0.5  60  0.0245782  0.0873174
0.5  60  0.023876  0.0795212
0.5  60  0.0231738  0.0726422
0.5  60  0.0224715  0.0665275
0.5  60  0.0217693  0.0610565
0.5  60  0.0210671  0.0561326
0.5  60  0.0203648  0.0516776
0.5  60  0.0196626  0.0476277
0.5  60  0.0189603  0.0439299
0.5  60  0.0182581  0.0405402
0.5  60  0.0175559  0.0374217
0.5  60  0.0168536  0.0345431
0.5  60  0.0161514  0.0318778
0.5  60  0.0154492  0.0294028
0.5  60  0.0147469  0.0270985
0.5  60  0.0140447  0.0249478
0.5  60  0.0319517  0.378375
0.5  60  0.0312495  0.302776
0.5  60  0.0305472  0.250438
0.5  60  0.029845  0.212056
0.5  60  0.0291428  0.182706
0.5  60  0.0284405  0.159535
0.5  60  0.0277383  0.140777
0.5  60  0.0270361  0.125281
0.5  60  0.0263338  0.112265
0.5  60  0.0256316  0.101177
0.5  60  0.0249293  0.0916187
0.5  60  0.0242271  0.0832935
0.5  60  0.0235249  0.0759774
0.5  60  0.0228226  0.0694975
0.5  60  0.0221204  0.0637181
0.5  60  0.0214182  0.0585314
0.5  60  0.0207159  0.0538508
0.5  60  0.0200137  0.0496055
0.5  60  0.0193115  0.0457377
0.5  60  0.0186092  0.042199
0.5  60  0.017907  0.0389491
0.5  60  0.0172048  0.0359542
0.5  60  0.0165025  0.0331853
0.5  60  0.0158003  0.0306178
0.5  60  0.0150981  0.0282304
0.5  60  0.0143958  0.0260049
0.5  60  0.0136936  0.0239254
0.5  60  0.0129914  0.0219778
0.5  60  0.0122891  0.0201502
0.5  60  0.0115869  0.0184316
0.5  60  0.0108846  0.0168127
0.5  60  0.0101824  0.0152849
0.5  60  0.00948017  0.0138409
0.5  60  0.00877794  0.0124739
0.5  60  0.0080757  0.0111779
0.5  75  0.0474122  0.388703
0.5  75  0.0463222  0.329131
0.5  75  0.0452323  0.283577
0.5  75  0.0441424  0.247613
0.5  75  0.0430524  0.218499
0.5  75  0.0419625  0.194449
0.5  75  0.0408726  0.174246
0.5  75  0.0397826  0.157037
0.5  75  0.0386927  0.142201
0.5  75  0.0376027  0.129279
0.5  75  0.0365128  0.117924
0.5  75  0.0354229  0.107867
0.5  75  0.0343329  0.0988964
0.5  75  0.033243  0.0908462
0.5  75  0.0321531  0.0835815
0.5  75  0.0310631  0.0769925
0.5  75  0.0299732  0.0709891
0.5  75  0.0288833  0.0654968
0.5  75  0.0277933  0.0604527
0.5  75  0.0267034  0.0558043
0.5  75  0.0256135  0.0515067
0.5  75  0.0245235  0.0475217
0.5  75  0.0234336  0.0438163
0.5  75  0.0223437  0.0403621
0.5  75  0.0212537  0.0371344
0.5  75  0.0201638  0.0341117
0.5  75  0.0190739  0.0312749
0.5  75  0.0179839  0.0286076
0.5  75  0.016894  0.0260948
0.5  75  0.0158041  0.0237236
0.5  75  0.0147141  0.0214824
0.5  75  0.0136242  0.0193607
0.5  75  0.0125342  0.0173492
0.5  75  0.0114443  0.0154395
0.5  75  0.0103544  0.0136242
0.5  75  0.00926445  0.0118963
0.5  145  0.143224  0.587104
0.5  145  0.139353  0.530434
0.5  145  0.135483  0.481319
0.5  145  0.131612  0.438344
0.5  145  0.127741  0.400425
0.5  145  0.12387  0.366719
0.5  145  0.119999  0.336562
0.5  145  0.116128  0.30942
0.5  145  0.112257  0.284862
0.5  145  0.108386  0.262538
0.5  145  0.104515  0.242154
0.5  145  0.100644  0.22347
0.5  145  0.0967732  0.20628
0.5  145  0.0929023  0.190412
0.5  145  0.0890314  0.17572
0.5  145  0.0851604  0.162077
0.5  145  0.0812895  0.149375
0.5  145  0.0774186  0.13752
0.5  145  0.0735477  0.126429
0.5  145  0.0696767  0.116032
0.5  145  0.0658058  0.106265
0.5  145  0.0619349  0.0970728
0.5  145  0.0580639  0.0884056
0.5  145  0.054193  0.0802199
0.5  145  0.0503221  0.0724767
0.5  145  0.0464512  0.065141
0.5  145  0.0425802  0.0581815
0.5  145  0.0387093  0.0515699
0.5  145  0.0348384  0.0452809
0.5  145  0.0309674  0.0392914
0.5  145  0.0270965  0.0335804
0.55  34  0.0130026  0.230968
0.55  34  0.0127526  0.169895
0.55  34  0.0125025  0.133251
0.55  34  0.0122525  0.108821
0.55  34  0.0120024  0.0913718
0.55  34  0.0117524  0.0782847
0.55  34  0.0115023  0.0681059
0.55  34  0.0112523  0.0599628
0.55  34  0.0110022  0.0533002
0.55  34  0.0107522  0.0477481
0.55  34  0.0105021  0.0430502
0.55  34  0.0102521  0.0390234
0.55  34  0.010002  0.0355335
0.55  34  0.00975197  0.0324798
0.55  34  0.00950192  0.0297854
0.55  34  0.00925187  0.0273904
0.55  34  0.00900182  0.0252475
0.55  34  0.00875177  0.0233189
0.55  34  0.00850172  0.0215739
0.55  34  0.00825167  0.0199876
0.55  34  0.00800162  0.0185392
0.55  34  0.00775157  0.0172115
0.55  34  0.00750152  0.0159901
0.55  34  0.00725147  0.0148626
0.55  34  0.00700142  0.0138186
0.55  34  0.00675137  0.0128492
0.55  34  0.00650132  0.0119466
0.55  34  0.00625127  0.0111042
0.55  34  0.00600122  0.0103162
0.55  34  0.00575116  0.00957739
0.55  34  0.00550111  0.00888337
0.55  34  0.00525106  0.00823019
0.55  34  0.00500101  0.00761432
0.55  34  0.00475096  0.00703267
0.55  34  0.00450091  0.00648246
0.55  34  0.00425086  0.00596121
0.55  34  0.00400081  0.00546669
0.55  60  0.0386229  0.411639
0.55  60  0.0378505  0.336172
0.55  60  0.037078  0.282267
0.55  60  0.0363056  0.241838
0.55  60  0.0355331  0.210393
0.55  60  0.0347606  0.185238
0.55  60  0.0339882  0.164656
0.55  60  0.0332157  0.147504
0.55  60  0.0324433  0.132991
0.55  60  0.0316708  0.120551
0.55  60  0.0308983  0.10977
0.55  60  0.0301259  0.100337
0.55  60  0.0293534  0.0920134
0.55  60  0.028581  0.0846147
0.55  60  0.0278085  0.0779948
0.55  60  0.0270361  0.0720368
0.55  60  0.0262636  0.0666463
0.55  60  0.0254911  0.0617458
0.55  60  0.0247187  0.0572715
0.55  60  0.0239462  0.05317
0.55  60  0.0231738  0.0493967
0.55  60  0.0224013  0.0459136
0.55  60  0.0216288  0.0426885
0.55  60  0.0208564  0.0396938
0.55  60  0.0200839  0.0369056
0.55  60  0.0193115  0.0343032
0.55  60  0.018539  0.0318688
0.55  60  0.0177665  0.0295866
0.55  60  0.0169941  0.0274426
0.55  60  0.0162216  0.0254248
0.55  60  0.0154492  0.0235222
0.55  60  0.0146767  0.0217254
0.55  60  0.0139043  0.0200257
0.55  60  0.0131318  0.0184154
0.55  60  0.0123593  0.0168878
0.55  60  0.0115869  0.0154365
0.55  60  0.0108144  0.014056
0.55  60  0.010042  0.0127412
0.55  60  0.0092695  0.0114876
0.55  60  0.00849705  0.010291
0.55  75  0.0575486  0.438104
0.55  75  0.0563496  0.375355
0.55  75  0.0551507  0.32655
0.55  75  0.0539518  0.287506
0.55  75  0.0527528  0.255561
0.55  75  0.0515539  0.22894
0.55  75  0.050355  0.206415
0.55  75  0.0491561  0.187107
0.55  75  0.0479571  0.170374
0.55  75  0.0467582  0.155732
0.55  75  0.0455593  0.142813
0.55  75  0.0443603  0.13133
0.55  75  0.0431614  0.121055
0.55  75  0.0419625  0.111808
0.55  75  0.0407636  0.103441
0.55  75  0.0395646  0.0958353
0.55  75  0.0383657  0.0888908
0.55  75  0.0371668  0.0825249
0.55  75  0.0359678  0.0766683
0.55  75  0.0347689  0.0712622
0.55  75  0.03357  0.0662565
0.55  75  0.0323711  0.0616084
0.55  75  0.0311721  0.0572809
0.55  75  0.0299732  0.0532419
0.55  75  0.0287743  0.0494634
0.55  75  0.0275753  0.0459211
0.55  75  0.0263764  0.0425935
0.55  75  0.0251775  0.0394616
0.55  75  0.0239786  0.0365087
0.55  75  0.0227796  0.0337198
0.55  75  0.0215807  0.0310817
0.55  75  0.0203818  0.0285825
0.55  75  0.0191829  0.0262114
0.55  75  0.0179839  0.0239588
0.55  75  0.016785  0.0218162
0.55  75  0.0155861  0.0197755
0.55  75  0.0143871  0.0178298
0.55  75  0.0131882  0.0159726
0.55  75  0.0119893  0.0141978
0.55  75  0.0107904  0.0125003
0.55  145  0.168192  0.578249
0.55  145  0.163934  0.529451
0.55  145  0.159676  0.486231
0.55  145  0.155418  0.447683
0.55  145  0.15116  0.413088
0.55  145  0.146902  0.381869
0.55  145  0.142644  0.353554
0.55  145  0.138386  0.327756
0.55  145  0.134128  0.304153
0.55  145  0.12987  0.282477
0.55  145  0.125612  0.262501
0.55  145  0.121354  0.244033
0.55  145  0.117096  0.226908
0.55  145  0.112838  0.210984
0.55  145  0.10858  0.196141
0.55  145  0.104322  0.18227
0.55  145  0.100064  0.16928
0.55  145  0.0958055  0.15709
0.55  145  0.0915475  0.145627
0.55  145  0.0872895  0.134829
0.55  145  0.0830314  0.124639
0.55  145  0.0787734  0.115008
0.55  145  0.0745154  0.10589
0.55  145  0.0702574  0.0972461
0.55  145  0.0659993  0.0890397
0.55  145  0.0617413  0.0812386
0.55  145  0.0574833  0.0738133
0.55  145  0.0532253  0.0667376
0.55  145  0.0489673  0.0599871
0.55  145  0.0447092  0.05354
0.55  145  0.0404512  0.0473763
0.55  145  0.0361932  0.0414777
0.55  145  0.0319352  0.0358275
0.55  145  0.0276771  0.0304103
0.589  60  0.0440088  0.411439
0.589  60  0.0432643  0.349323
0.589  60  0.0422716  0.288799
0.589  60  0.0415271  0.254363
0.589  60  0.0407826  0.226384
0.589  60  0.039459  0.187745
0.589  60  0.0387972  0.17229
0.589  60  0.0380527  0.157194
0.589  60  0.0375564  0.148249
0.589  60  0.0368946  0.137489
0.589  60  0.0362328  0.127869
0.589  60  0.0356537  0.120251
0.589  60  0.034992  0.112331
0.589  60  0.0344129  0.106003
0.589  60  0.0335029  0.0970301
0.589  60  0.0329239  0.0918584
0.589  60  0.0323448  0.0870524
0.589  60  0.0314349  0.0801505
0.589  60  0.0309385  0.0766836
0.589  60  0.0303595  0.0728756
0.589  60  0.0293668  0.0668777
0.589  60  0.0287877  0.0636548
0.589  60  0.0282914  0.0610377
0.589  60  0.0272987  0.0561673
0.589  60  0.0268023  0.0538975
0.589  60  0.026306  0.0517281
0.589  60  0.0251479  0.0470216
0.589  60  0.0247343  0.0454509
0.589  60  0.0243207  0.0439334
0.589  60  0.0230798  0.0396745
0.589  60  0.0226662  0.038345
0.589  60  0.0222526  0.0370571
0.589  60  0.020929  0.0331933
0.589  60  0.0205981  0.0322842
0.589  60  0.0202672  0.0313962
0.589  60  0.0188609  0.0278418
0.589  60  0.01853  0.0270535
0.589  60  0.0181991  0.0262824
0.589  60  0.0167928  0.0231834
0.589  60  0.0164619  0.0224935
0.589  60  0.0162138  0.0219853
0.589  60  0.0147247  0.0190918
0.589  60  0.0143939  0.0184829
0.589  60  0.0141457  0.0180339
0.6  34  0.0155486  0.276192
0.6  34  0.0152758  0.20351
0.6  34  0.015003  0.159901
0.6  34  0.0147303  0.130828
0.6  34  0.0144575  0.110062
0.6  34  0.0141847  0.0944868
0.6  34  0.0139119  0.0823731
0.6  34  0.0136391  0.0726822
0.6  34  0.0133663  0.0647532
0.6  34  0.0130936  0.0581457
0.6  34  0.0128208  0.0525548
0.6  34  0.012548  0.0477626
0.6  34  0.0122752  0.0436093
0.6  34  0.0120024  0.0399752
0.6  34  0.0117296  0.0367686
0.6  34  0.0114569  0.0339183
0.6  34  0.0111841  0.0313681
0.6  34  0.0109113  0.0290729
0.6  34  0.0106385  0.0269962
0.6  34  0.0103657  0.0251084
0.6  34  0.010093  0.0233847
0.6  34  0.00982017  0.0218046
0.6  34  0.00954739  0.020351
0.6  34  0.00927461  0.0190092
0.6  34  0.00900182  0.0177667
0.6  34  0.00872904  0.0166131
0.6  34  0.00845626  0.0155389
0.6  34  0.00818348  0.0145364
0.6  34  0.00791069  0.0135986
0.6  34  0.00763791  0.0127194
0.6  34  0.00736513  0.0118934
0.6  34  0.00709235  0.0111161
0.6  34  0.00681956  0.0103832
0.6  34  0.00654678  0.00969095
0.6  34  0.006274  0.00903616
0.6  34  0.00600122  0.00841583
0.6  34  0.00572843  0.00782731
0.6  34  0.00545565  0.00726822
0.6  34  0.00518287  0.00673639
0.6  34  0.00491009  0.0062299
0.6  34  0.0046373  0.00574696
0.6  34  0.00436452  0.00528597
0.6  60  0.0455048  0.404155
0.6  60  0.0446622  0.340003
0.6  60  0.0438195  0.291889
0.6  60  0.0429768  0.254468
0.6  60  0.0421341  0.22453
0.6  60  0.0412914  0.200036
0.6  60  0.0404487  0.179624
0.6  60  0.0396061  0.162353
0.6  60  0.0387634  0.147549
0.6  60  0.0379207  0.134718
0.6  60  0.037078  0.123492
0.6  60  0.0362353  0.113586
0.6  60  0.0353927  0.104781
0.6  60  0.03455  0.0969026
0.6  60  0.0337073  0.0898121
0.6  60  0.0328646  0.083397
0.6  60  0.0320219  0.077565
0.6  60  0.0311792  0.0722402
0.6  60  0.0303366  0.0673591
0.6  60  0.0294939  0.0628685
0.6  60  0.0286512  0.0587233
0.6  60  0.0278085  0.0548852
0.6  60  0.0269658  0.0513212
0.6  60  0.0261231  0.048003
0.6  60  0.0252805  0.0449061
0.6  60  0.0244378  0.0420089
0.6  60  0.0235951  0.0392928
0.6  60  0.0227524  0.0367413
0.6  60  0.0219097  0.0343399
0.6  60  0.0210671  0.0320758
0.6  60  0.0202244  0.0299374
0.6  60  0.0193817  0.0279146
0.6  60  0.018539  0.0259983
0.6  60  0.0176963  0.0241802
0.6  60  0.0168536  0.022453
0.6  60  0.016011  0.0208101
0.6  60  0.0151683  0.0192455
0.6  60  0.0143256  0.0177536
0.6  60  0.0134829  0.0163295
0.6  60  0.0126402  0.0149687
0.6  60  0.0117976  0.0136671
0.6  60  0.0109549  0.0124208
0.6  60  0.0101122  0.0112265
0.6  60  0.0092695  0.010081
0.6  75  0.0686659  0.487889
0.6  75  0.067358  0.42229
0.6  75  0.06605  0.370502
0.6  75  0.0647421  0.328578
0.6  75  0.0634342  0.293946
0.6  75  0.0621263  0.264854
0.6  75  0.0608184  0.240072
0.6  75  0.0595104  0.218709
0.6  75  0.0582025  0.200102
0.6  75  0.0568946  0.18375
0.6  75  0.0555867  0.169268
0.6  75  0.0542788  0.156351
0.6  75  0.0529708  0.144758
0.6  75  0.0516629  0.134297
0.6  75  0.050355  0.124809
0.6  75  0.0490471  0.116164
0.6  75  0.0477391  0.108255
0.6  75  0.0464312  0.100992
0.6  75  0.0451233  0.0942979
0.6  75  0.0438154  0.0881093
0.6  75  0.0425075  0.0823709
0.6  75  0.0411995  0.0770351
0.6  75  0.0398916  0.0720611
0.6  75  0.0385837  0.0674132
0.6  75  0.0372758  0.0630605
0.6  75  0.0359678  0.0589756
0.6  75  0.0346599  0.0551346
0.6  75  0.033352  0.0515162
0.6  75  0.0320441  0.0481017
0.6  75  0.0307362  0.0448743
0.6  75  0.0294282  0.0418191
0.6  75  0.0281203  0.0389225
0.6  75  0.0268124  0.0361726
0.6  75  0.0255045  0.0335585
0.6  75  0.0241966  0.0310704
0.6  75  0.0228886  0.0286994
0.6  75  0.0215807  0.0264373
0.6  75  0.0202728  0.024277
0.6  75  0.0189649  0.0222116
0.6  75  0.0176569  0.020235
0.6  75  0.016349  0.0183417
0.6  75  0.0150411  0.0165264
0.6  75  0.0137332  0.0147845
0.6  75  0.0124253  0.0131116
0.6  75  0.0111173  0.0115036
0.64  34  0.0176036  0.268024
0.64  34  0.0173126  0.205018
0.64  34  0.0170216  0.164922
0.64  34  0.0167307  0.137164
0.64  34  0.0164397  0.116808
0.64  34  0.0161487  0.101242
0.64  34  0.0158578  0.0889528
0.64  34  0.0155668  0.0790043
0.64  34  0.0152758  0.0707861
0.64  34  0.0149849  0.0638828
0.64  34  0.0146939  0.0580022
0.64  34  0.0144029  0.0529327
0.64  34  0.0141119  0.0485173
0.64  34  0.013821  0.0446371
0.64  34  0.01353  0.0412004
0.64  34  0.013239  0.0381352
0.64  34  0.0129481  0.0353844
0.64  34  0.0126571  0.032902
0.64  34  0.0123661  0.0306505
0.64  34  0.0120752  0.0285991
0.64  34  0.0117842  0.0267223
0.64  34  0.0114932  0.0249987
0.64  34  0.0112023  0.0234103
0.64  34  0.0109113  0.0219418
0.64  34  0.0106203  0.0205801
0.64  34  0.0103294  0.0193139
0.64  34  0.0100384  0.0181336
0.64  34  0.00974743  0.0170307
0.64  34  0.00945646  0.0159978
0.64  34  0.00916549  0.0150284
0.64  34  0.00887452  0.014117
0.64  34  0.00858356  0.0132583
0.64  34  0.00829259  0.0124481
0.64  34  0.00800162  0.0116822
0.64  34  0.00771065  0.0109572
0.64  34  0.00741968  0.0102699
0.64  34  0.00712872  0.00961735
0.64  34  0.00683775  0.00899703
0.64  34  0.00654678  0.00840661
0.64  34  0.00625581  0.00784397
0.64  34  0.00596484  0.0073072
0.64  34  0.00567388  0.00679456
0.64  34  0.00538291  0.00630444
0.64  34  0.00509194  0.00583541
0.64  34  0.00480097  0.00538613
0.64  34  0.00451  0.00495537
0.64  60  0.0516845  0.423729
0.64  60  0.0507856  0.360845
0.64  60  0.0498868  0.312758
0.64  60  0.0489879  0.274794
0.64  60  0.0480891  0.244061
0.64  60  0.0471902  0.218673
0.64  60  0.0462913  0.197347
0.64  60  0.0453925  0.179181
0.64  60  0.0444936  0.16352
0.64  60  0.0435948  0.14988
0.64  60  0.0426959  0.137893
0.64  60  0.041797  0.127277
0.64  60  0.0408982  0.117808
0.64  60  0.0399993  0.10931
0.64  60  0.0391005  0.101641
0.64  60  0.0382016  0.0946857
0.64  60  0.0373027  0.0883485
0.64  60  0.0364039  0.0825507
0.64  60  0.035505  0.0772262
0.64  60  0.0346061  0.0723193
0.64  60  0.0337073  0.0677827
0.64  60  0.0328084  0.0635761
0.64  60  0.0319096  0.0596647
0.64  60  0.0310107  0.0560184
0.64  60  0.0301118  0.0526113
0.64  60  0.029213  0.0494204
0.64  60  0.0283141  0.046426
0.64  60  0.0274153  0.0436103
0.64  60  0.0265164  0.0409578
0.64  60  0.0256175  0.0384548
0.64  60  0.0247187  0.0360889
0.64  60  0.0238198  0.0338492
0.64  60  0.022921  0.0317258
0.64  60  0.0220221  0.02971
0.64  60  0.0211232  0.0277937
0.64  60  0.0202244  0.0259698
0.64  60  0.0193255  0.0242317
0.64  60  0.0184267  0.0225735
0.64  60  0.0175278  0.0209898
0.64  60  0.0166289  0.0194757
0.64  60  0.0157301  0.0180268
0.64  60  0.0148312  0.0166389
0.64  60  0.0139323  0.0153082
0.64  60  0.0130335  0.0140313
0.64  60  0.0121346  0.0128049
0.64  60  0.0112358  0.0116262
0.64  60  0.0103369  0.0104923
0.64  75  0.077429  0.485429
0.64  75  0.0760338  0.426505
0.64  75  0.0746387  0.378805
0.64  75  0.0732436  0.339401
0.64  75  0.0718485  0.306301
0.64  75  0.0704534  0.278105
0.64  75  0.0690583  0.253798
0.64  75  0.0676631  0.232628
0.64  75  0.066268  0.214023
0.64  75  0.0648729  0.197545
0.64  75  0.0634778  0.182848
0.64  75  0.0620827  0.169659
0.64  75  0.0606876  0.157756
0.64  75  0.0592925  0.146961
0.64  75  0.0578973  0.137125
0.64  75  0.0565022  0.128126
0.64  75  0.0551071  0.119862
0.64  75  0.053712  0.112246
0.64  75  0.0523169  0.105205
0.64  75  0.0509218  0.0986761
0.64  75  0.0495266  0.0926052
0.64  75  0.0481315  0.0869458
0.64  75  0.0467364  0.0816576
0.64  75  0.0453413  0.0767052
0.64  75  0.0439462  0.0720575
0.64  75  0.0425511  0.0676872
0.64  75  0.0411559  0.0635704
0.64  75  0.0397608  0.0596854
0.64  75  0.0383657  0.0560134
0.64  75  0.0369706  0.0525371
0.64  75  0.0355755  0.0492415
0.64  75  0.0341804  0.0461127
0.64  75  0.0327852  0.0431385
0.64  75  0.0313901  0.0403075
0.64  75  0.029995  0.0376098
0.64  75  0.0285999  0.0350361
0.64  75  0.0272048  0.0325781
0.64  75  0.0258097  0.0302282
0.64  75  0.0244145  0.0279793
0.64  75  0.0230194  0.0258251
0.64  75  0.0216243  0.0237597
0.64  75  0.0202292  0.0217778
0.64  75  0.0188341  0.0198744
0.64  75  0.017439  0.0180449
0.64  75  0.0160438  0.0162851
0.64  75  0.0146487  0.0145911
0.64  75  0.0132536  0.0129592
0.64  75  0.0118585  0.0113862
0.724  60  0.0649759  0.407356
0.724  60  0.0638573  0.354471
0.724  60  0.0627388  0.31246
0.724  60  0.0591799  0.222089
0.724  60  0.058163  0.203913
0.724  60  0.0571462  0.187981
0.724  60  0.0562311  0.175235
0.724  60  0.0552142  0.16256
0.724  60  0.0541974  0.151212
0.724  60  0.0534856  0.14395
0.724  60  0.0525704  0.135336
0.724  60  0.0516553  0.127439
0.724  60  0.0507401  0.120174
0.724  60  0.049825  0.113468
0.724  60  0.0489098  0.107258
0.724  60  0.048198  0.102738
0.724  60  0.0473846  0.097872
0.724  60  0.0464694  0.0927465
0.724  60  0.0457576  0.0889927
0.724  60  0.0449442  0.0849309
0.724  60  0.0441307  0.0810931
0.724  60  0.0435206  0.078351
0.724  60  0.0427071  0.0748631
0.724  60  0.0419953  0.0719585
0.724  60  0.0408768  0.0676492
0.724  60  0.040165  0.0650569
0.724  60  0.0394533  0.0625727
0.724  60  0.0386398  0.0598574
0.724  60  0.0380297  0.0579023
0.724  60  0.0373179  0.0557045
0.724  60  0.0360977  0.0521308
0.724  60  0.0354876  0.0504297
0.724  60  0.0347758  0.0485127
0.724  60  0.0334539  0.0451327
0.724  60  0.0329455  0.0438912
0.724  60  0.0323354  0.0424418
0.724  60  0.0309118  0.0392208
0.724  60  0.0304034  0.0381219
0.724  60  0.029895  0.0370486
0.724  60  0.0283697  0.0339732
0.724  60  0.0278613  0.0329937
0.724  60  0.0273529  0.0320356
0.724  60  0.025726  0.0291066
0.724  60  0.0253192  0.0284052
0.724  60  0.0249125  0.0277155
0.724  60  0.0231839  0.0249084
0.724  60  0.0227771  0.0242756
0.724  60  0.0223704  0.0236529
0.724  60  0.0206418  0.021113
0.724  60  0.020235  0.0205393
0.724  60  0.01993  0.0201147
0.724  60  0.0180997  0.0176652
0.724  60  0.0177946  0.0172726
0.724  60  0.0173879  0.0167557
0.73  37.1  0.027444  0.417851
0.73  37.1  0.0270491  0.320319
0.73  37.1  0.0266543  0.258253
0.73  37.1  0.0254696  0.159678
0.73  37.1  0.0250748  0.140655
0.73  37.1  0.0246799  0.125255
0.73  37.1  0.024285  0.112533
0.73  37.1  0.0238901  0.101847
0.73  37.1  0.0234952  0.0927443
0.73  37.1  0.0231004  0.0848969
0.73  37.1  0.0223106  0.0720558
0.73  37.1  0.0219157  0.0667358
0.73  37.1  0.021126  0.0577329
0.73  37.1  0.0207311  0.0538902
0.73  37.1  0.0199413  0.0472295
0.73  37.1  0.0195465  0.0443243
0.73  37.1  0.0191516  0.0416562
0.73  37.1  0.0187567  0.0391974
0.73  37.1  0.0183618  0.0369242
0.73  37.1  0.0179669  0.0348163
0.73  37.1  0.0175721  0.0328564
0.73  37.1  0.0171772  0.0310293
0.73  37.1  0.0167823  0.029322
0.73  37.1  0.0163874  0.0277231
0.73  37.1  0.0159926  0.0262226
0.73  37.1  0.0155977  0.0248117
0.73  37.1  0.0152028  0.0234826
0.73  37.1  0.014413  0.0210428
0.73  37.1  0.0140182  0.0199205
0.73  37.1  0.0136233  0.0188566
0.73  37.1  0.0132284  0.0178465
0.73  37.1  0.0128335  0.0168862
0.73  37.1  0.0124387  0.0159723
0.73  37.1  0.0120438  0.0151013
0.73  37.1  0.0116489  0.0142704
0.73  37.1  0.011254  0.0134769
0.73  37.1  0.0108591  0.0127182
0.73  37.1  0.0104643  0.0119922
0.73  37.1  0.0100694  0.0112967
0.73  37.1  0.00967451  0.0106299
0.73  37.1  0.00927963  0.00999003
0.73  37.1  0.00888476  0.00937552
0.73  37.1  0.00848988  0.00878487
0.73  37.1  0.008095  0.00821673
0.73  37.1  0.00730524  0.00714298
0.73  37.1  0.00651549  0.00614525
0.73  37.1  0.00533085  0.00477442
0.73  37.1  0.00493598  0.00434769
0.73  37.1  0.0045411  0.00393484
0.9  85  0.146388  0.246865
0.9  85  0.141876  0.226362
0.9  85  0.137615  0.208929
0.9  85  0.133604  0.193997
0.9  85  0.129844  0.181134
0.9  85  0.125834  0.168482
0.9  85  0.122074  0.157512
0.9  85  0.118564  0.147968
0.9  85  0.115055  0.13903
0.9  85  0.111546  0.130642
0.9  85  0.108036  0.122755
0.9  85  0.105028  0.11636
0.9  85  0.10177  0.109782
0.9  85  0.0987618  0.104011
0.9  85  0.0960044  0.098956
0.9  85  0.0929965  0.0936811
0.9  85  0.0902392  0.0890518
0.9  85  0.0877325  0.085004
0.9  85  0.0849752  0.080718
0.9  85  0.0824686  0.0769651
0.9  85  0.0799619  0.0733413
0.9  85  0.0774553  0.0698401
0.9  85  0.07545  0.0671233
0.9  85  0.073194  0.0641524
0.961  37.5  0.0465731  0.295459
0.961  37.5  0.046042  0.261017
0.961  37.5  0.045511  0.233198
0.961  37.5  0.0449799  0.210259
0.961  37.5  0.0444489  0.191021
0.961  37.5  0.0439178  0.174654
0.961  37.5  0.0433868  0.16056
0.961  37.5  0.0428557  0.148296
0.961  37.5  0.0423247  0.137528
0.961  37.5  0.0417936  0.127998
0.961  37.5  0.0412626  0.119503
0.961  37.5  0.0407315  0.111885
0.961  37.5  0.0402005  0.105013
0.961  37.5  0.0396694  0.0987833
0.961  37.5  0.0391384  0.09311
0.961  37.5  0.0386073  0.0879215
0.961  37.5  0.0380763  0.0831584
0.961  37.5  0.0375452  0.0787703
0.961  37.5  0.0370142  0.0747146
0.961  37.5  0.0364831  0.070955
0.961  37.5  0.0359521  0.0674601
0.961  37.5  0.035421  0.064203
0.961  37.5  0.03489  0.0611602
0.961  37.5  0.0343589  0.0583111
0.961  37.5  0.0338279  0.055638
0.961  37.5  0.0332968  0.0531249
0.961  37.5  0.0327658  0.0507579
0.961  37.5  0.0322347  0.0485246
0.961  37.5  0.0317037  0.0464141
0.961  37.5  0.0311726  0.0444164
0.961  37.5  0.0306416  0.0425228
0.961  37.5  0.0301105  0.0407252
0.961  37.5  0.0295795  0.0390167
0.961  37.5  0.0290484  0.0373907
0.961  37.5  0.0285174  0.0358414
0.961  37.5  0.0279863  0.0343635
0.961  37.5  0.0274553  0.0329522
0.961  37.5  0.0269242  0.031603
0.961  37.5  0.0263932  0.030312
0.961  37.5  0.0258621  0.0290755
0.961  37.5  0.0253311  0.0278901
0.961  37.5  0.0248  0.0267526
0.961  37.5  0.024269  0.0256603
0.961  37.5  0.0237379  0.0246105
0.961  37.5  0.0232069  0.0236008
0.961  37.5  0.0226758  0.0226289
0.961  37.5  0.0221448  0.0216927
0.961  37.5  0.0216137  0.0207903
0.961  37.5  0.0210827  0.0199199
0.961  37.5  0.0205516  0.0190799
0.961  37.5  0.0200206  0.0182686
0.961  37.5  0.0194895  0.0174846
0.961  37.5  0.0189585  0.0167266
0.961  37.5  0.0184274  0.0159933
0.961  37.5  0.0178964  0.0152835
0.961  37.5  0.0173653  0.014596
0.961  37.5  0.0168343  0.01393
0.961  37.5  0.0163032  0.0132843
0.961  37.5  0.0157722  0.012658
1.1  85  0.186271  0.201754
1.1  85  0.181063  0.189563
1.1  85  0.175549  0.177512
1.1  85  0.17034  0.166863
1.1  85  0.165132  0.156859
1.1  85  0.160537  0.148523
1.1  85  0.155635  0.140096
1.1  85  0.151039  0.1326
1.1  85  0.14675  0.12593
1.1  85  0.142155  0.119109
1.1  85  0.137865  0.113027
1.1  85  0.133883  0.10761
1.1  85  0.1299  0.102401
1.1  85  0.125917  0.0973883
1.1  85  0.122241  0.0929263
1.1  85  0.118871  0.0889684
1.1  85  0.115194  0.0847878
1.1  85  0.111824  0.0810755
1.1  85  0.108454  0.0774727
1.1  85  0.105084  0.0739745
1.1  85  0.10202  0.0708815
1.1  85  0.0992631  0.0681659
1.1  85  0.095893  0.0649312
1.1  85  0.0931357  0.0623512
1.108  37.5  0.0594526  0.231255
1.108  37.5  0.0588404  0.213304
1.108  37.5  0.0582281  0.19764
1.108  37.5  0.0576158  0.183851
1.108  37.5  0.0570035  0.171621
1.108  37.5  0.0563912  0.160698
1.108  37.5  0.0557789  0.150885
1.108  37.5  0.0551667  0.142019
1.108  37.5  0.0545544  0.133971
1.108  37.5  0.0539421  0.126632
1.108  37.5  0.0533298  0.119912
1.108  37.5  0.0527175  0.113736
1.108  37.5  0.0521052  0.108041
1.108  37.5  0.051493  0.102773
1.108  37.5  0.0508807  0.0978846
1.108  37.5  0.0502684  0.0933371
1.108  37.5  0.0496561  0.0890959
1.108  37.5  0.0490438  0.0851309
1.108  37.5  0.0484316  0.0814161
1.108  37.5  0.0478193  0.0779285
1.108  37.5  0.047207  0.0746479
1.108  37.5  0.0465947  0.0715564
1.108  37.5  0.0459824  0.068638
1.108  37.5  0.0453701  0.0658787
1.108  37.5  0.0447579  0.0632658
1.108  37.5  0.0441456  0.0607879
1.108  37.5  0.0435333  0.0584349
1.108  37.5  0.042921  0.0561975
1.108  37.5  0.0423087  0.0540674
1.108  37.5  0.0416964  0.052037
1.108  37.5  0.0410842  0.0500996
1.108  37.5  0.0404719  0.0482489
1.108  37.5  0.0398596  0.0464791
1.108  37.5  0.0392473  0.0447852
1.108  37.5  0.038635  0.0431623
1.108  37.5  0.0380227  0.041606
1.108  37.5  0.0374105  0.0401123
1.108  37.5  0.0367982  0.0386776
1.108  37.5  0.0361859  0.0372984
1.108  37.5  0.0355736  0.0359715
1.108  37.5  0.0349613  0.034694
1.108  37.5  0.0343491  0.0334633
1.108  37.5  0.0337368  0.0322767
1.108  37.5  0.0331245  0.031132
1.108  37.5  0.0325122  0.030027
1.108  37.5  0.0318999  0.0289596
1.108  37.5  0.0312876  0.027928
1.108  37.5  0.0306754  0.0269304
1.108  37.5  0.0300631  0.0259651
1.108  37.5  0.0294508  0.0250306
1.108  37.5  0.0288385  0.0241254
1.108  37.5  0.0282262  0.0232482
1.108  37.5  0.0276139  0.0223977
1.108  37.5  0.0270017  0.0215728
1.108  37.5  0.0263894  0.0207722
1.108  37.5  0.0257771  0.0199949
1.108  37.5  0.0251648  0.0192399
1.108  37.5  0.0245525  0.0185062
1.108  37.5  0.0239402  0.0177931
1.108  37.5  0.023328  0.0170995
1.108  37.5  0.0227157  0.0164248
1.299  37.5  0.0749414  0.156611
1.299  37.5  0.0742236  0.149258
1.299  37.5  0.0735057  0.142439
1.299  37.5  0.0727879  0.136099
1.299  37.5  0.0720701  0.130189
1.299  37.5  0.0713522  0.124666
1.299  37.5  0.0706344  0.119494
1.299  37.5  0.0699166  0.114641
1.299  37.5  0.0691988  0.110077
1.299  37.5  0.0684809  0.105777
1.299  37.5  0.0677631  0.10172
1.299  37.5  0.0670453  0.0978851
1.299  37.5  0.0663274  0.0942547
1.299  37.5  0.0656096  0.090813
1.299  37.5  0.0648918  0.0875455
1.299  37.5  0.064174  0.0844394
1.299  37.5  0.0634561  0.0814829
1.299  37.5  0.0627383  0.0786656
1.299  37.5  0.0620205  0.0759779
1.299  37.5  0.0613026  0.0734109
1.299  37.5  0.0605848  0.0709567
1.299  37.5  0.059867  0.0686081
1.299  37.5  0.0591491  0.0663584
1.299  37.5  0.0584313  0.0642015
1.299  37.5  0.0577135  0.0621317
1.299  37.5  0.0569957  0.0601439
1.299  37.5  0.0562778  0.0582333
1.299  37.5  0.05556  0.0563955
1.299  37.5  0.0548422  0.0546263
1.299  37.5  0.0541243  0.0529221
1.299  37.5  0.0534065  0.0512793
1.299  37.5  0.0526887  0.0496947
1.299  37.5  0.0519709  0.0481652
1.299  37.5  0.051253  0.046688
1.299  37.5  0.0505352  0.0452604
1.299  37.5  0.0498174  0.04388
1.299  37.5  0.0490995  0.0425445
1.299  37.5  0.0483817  0.0412518
1.299  37.5  0.0476639  0.0399997
1.299  37.5  0.046946  0.0387865
1.299  37.5  0.0462282  0.0376103
1.299  37.5  0.0455104  0.0364695
1.299  37.5  0.0447926  0.0353625
1.299  37.5  0.0440747  0.0342879
1.299  37.5  0.0433569  0.0332441
1.299  37.5  0.0426391  0.03223
1.299  37.5  0.0419212  0.0312442
1.299  37.5  0.0412034  0.0302856
1.299  37.5  0.0404856  0.0293531
1.299  37.5  0.0397678  0.0284457
1.299  37.5  0.0390499  0.0275622
1.299  37.5  0.0383321  0.0267019
1.299  37.5  0.0376143  0.0258638
2.02  15.022  0.0347058  0.205495
2.02  15.022  0.034436  0.174769
2.02  15.022  0.0341663  0.151725
2.02  15.022  0.0338966  0.133802
2.02  15.022  0.0336268  0.119464
2.02  15.022  0.0333571  0.107732
2.02  15.022  0.0330874  0.0979559
2.02  15.022  0.0328176  0.0896837
2.02  15.022  0.0325479  0.0825933
2.02  15.022  0.0322781  0.0764482
2.02  15.022  0.0320084  0.0710713
2.02  15.022  0.0317387  0.0663269
2.02  15.022  0.0314689  0.0621097
2.02  15.022  0.0311992  0.0583365
2.02  15.022  0.0309295  0.0549405
2.02  15.022  0.0306597  0.051868
2.02  15.022  0.03039  0.0490748
2.02  15.022  0.0301203  0.0465244
2.02  15.022  0.0298505  0.0441866
2.02  20.016  0.0606243  0.26922
2.02  20.016  0.0601457  0.237417
2.02  20.016  0.0596671  0.211975
2.02  20.016  0.0591885  0.191159
2.02  20.016  0.0587099  0.173812
2.02  20.016  0.0582312  0.159134
2.02  20.016  0.0577526  0.146553
2.02  20.016  0.057274  0.135649
2.02  20.016  0.0567954  0.126108
2.02  20.016  0.0563168  0.11769
2.02  20.016  0.0558382  0.110207
2.02  20.016  0.0553596  0.103512
2.02  20.016  0.054881  0.0974859
2.02  20.016  0.0544023  0.092034
2.02  20.016  0.0539237  0.0870778
2.02  20.016  0.0534451  0.0825525
2.02  20.016  0.0529665  0.0784043
2.02  20.016  0.0524879  0.074588
2.02  20.016  0.0520093  0.0710653
2.02  20.016  0.0515307  0.0678035
2.02  20.016  0.051052  0.0647747
2.02  20.016  0.0505734  0.0619547
2.02  20.016  0.0500948  0.0593228
2.7  15  0.0616869  0.260894
2.7  15  0.0613754  0.235299
2.7  15  0.0610878  0.215585
2.7  15  0.0607762  0.197484
2.7  15  0.0604886  0.183148
2.7  15  0.0601771  0.169672
2.7  15  0.0598895  0.15878
2.7  15  0.059578  0.148359
2.7  15  0.0592904  0.139803
2.7  15  0.0589788  0.131504
2.7  15  0.0586912  0.124607
2.7  15  0.0583797  0.117842
2.7  15  0.0580921  0.112163
2.7  15  0.0578045  0.106957
2.7  15  0.0575169  0.102168
2.7  15  0.0572294  0.0977475
2.7  15  0.0569657  0.0939837
2.7  15  0.0566782  0.0901596
2.7  15  0.0563906  0.0866001
2.7  15  0.056103  0.0832785
2.7  15  0.0558394  0.0804229
2.7  15  0.0555518  0.0774954
2.7  15  0.0552642  0.0747462
2.7  15  0.0549766  0.0721594
2.7  15  0.054713  0.0699191
2.7  15  0.0544494  0.0677939
2.7  15  0.0541857  0.0657751
2.7  15  0.0539221  0.0638551
2.7  15  0.0536585  0.0620267
2.7  15  0.0533949  0.0602836
2.7  15  0.0531073  0.0584723
2.7  15  0.0528437  0.0568891
2.7  15  0.0525801  0.0553748
2.7  15  0.0523164  0.0539249
2.7  15  0.0520528  0.0525354
2.7  15  0.0517892  0.0512026
2.7  15  0.0515256  0.0499231
2.7  15  0.051262  0.0486938
2.7  15  0.0510223  0.0476174
2.7  15  0.0507587  0.046476
2.7  15  0.050519  0.0454752
2.7  15  0.0502554  0.0444127
2.7  15  0.0500158  0.0434798
2.7  15  0.0497522  0.0424882
2.7  15  0.0495125  0.0416166
2.7  15  0.0492489  0.0406891
2.7  15  0.0490092  0.0398729
2.7  15  0.0487456  0.0390034
2.7  15  0.048506  0.0382375
2.7  15  0.0482663  0.0374939
2.7  15  0.0480266  0.0367717
2.7  15  0.047811  0.0361393
2.7  15  0.0475713  0.0354552
2.7  15  0.0473316  0.03479
2.7  15  0.047092  0.0341429
2.7  15  0.0468523  0.0335132
2.7  15  0.0466127  0.0329002
2.7  15  0.046397  0.0323622
2.7  15  0.0461573  0.0317791
2.7  15  0.0459177  0.0312108
3.3  15  0.0937606  0.504692
3.3  15  0.0932919  0.432302
3.3  15  0.0928233  0.377596
3.3  15  0.0923546  0.334798
3.3  15  0.091886  0.300402
3.3  15  0.0914173  0.272155
3.3  15  0.0909487  0.248544
3.3  15  0.0905093  0.229676
3.3  15  0.0900699  0.213323
3.3  15  0.0896306  0.199015
3.3  15  0.0891912  0.18639
3.3  15  0.0887518  0.175168
3.3  15  0.0883125  0.165127
3.3  15  0.0878438  0.15552
3.3  15  0.0874044  0.147397
3.3  15  0.0869651  0.14001
3.3  15  0.0865257  0.133263
3.3  15  0.0860863  0.127077
3.3  15  0.085647  0.121385
3.3  15  0.0852076  0.11613
3.3  15  0.0847975  0.111576
3.3  15  0.0843875  0.107326
3.3  15  0.0839481  0.103077
3.3  15  0.083538  0.0993682
3.3  15  0.083128  0.095884
3.3  15  0.0827179  0.0926048
3.3  15  0.0823078  0.089513
3.3  15  0.0818977  0.086593
3.3  15  0.0814584  0.0836391
3.3  15  0.0810483  0.0810322
3.3  15  0.0806382  0.0785588
3.3  15  0.0802281  0.0762088
3.3  15  0.0798474  0.0741293
3.3  15  0.0794666  0.0721419
3.3  15  0.0790565  0.0700978
3.3  15  0.0786757  0.0682832
3.3  15  0.0782949  0.0665438
3.3  15  0.0778849  0.0647495
3.3  15  0.0775041  0.0631521
3.3  15  0.0771233  0.0616171
3.3  15  0.0767132  0.0600294
3.3  15  0.0763324  0.0586126
3.3  15  0.0759517  0.0572478
3.3  15  0.0755709  0.0559324
3.3  15  0.0752194  0.0547596
3.3  15  0.0748386  0.0535316
3.3  15  0.0744578  0.0523459
3.3  15  0.0741063  0.0512868
3.3  15  0.0737255  0.0501762
3.3  15  0.073374  0.0491832
3.3  15  0.0729933  0.0481407
3.3  15  0.0726418  0.0472078
3.3  15  0.072261  0.0462275
3.3  15  0.0718802  0.0452773
3.3  15  0.0715287  0.0444257
3.595  16.02  0.124282  0.367939
3.595  16.02  0.123736  0.338145
3.595  16.02  0.12319  0.312606
3.595  16.02  0.122644  0.290473
3.595  16.02  0.122098  0.271106
3.595  16.02  0.121552  0.254018
3.595  16.02  0.121006  0.238828
3.595  16.02  0.120461  0.225238
3.595  16.02  0.119915  0.213006
3.595  16.02  0.119369  0.20194
3.595  16.02  0.118823  0.191879
3.595  16.02  0.118277  0.182693
3.595  16.02  0.117731  0.174273
3.595  16.02  0.117185  0.166526
3.595  16.02  0.116639  0.159376
3.595  16.02  0.116093  0.152754
3.595  16.02  0.115548  0.146606
3.595  16.02  0.115002  0.140882
3.595  16.02  0.114456  0.13554
3.595  16.02  0.11391  0.130542
3.595  16.02  0.113364  0.125856
3.595  16.02  0.112818  0.121455
3.595  16.02  0.112272  0.117312
3.595  16.02  0.111726  0.113406
3.595  16.02  0.11118  0.109717
3.595  16.02  0.110634  0.106228
3.595  16.02  0.110089  0.102922
3.595  16.02  0.109543  0.0997858
3.595  16.02  0.108997  0.0968063
3.595  16.02  0.108451  0.0939722
3.595  16.02  0.107905  0.091273
3.595  16.02  0.107359  0.0886994
3.595  16.02  0.106813  0.0862427
3.595  16.02  0.106267  0.0838952
3.595  16.02  0.105721  0.0816498
3.595  16.02  0.105176  0.0795
3.595  16.02  0.10463  0.0774397
3.595  16.02  0.104084  0.0754635
3.595  16.02  0.103538  0.0735663
3.595  16.02  0.102992  0.0717436
3.595  16.02  0.102446  0.069991
3.595  16.02  0.1019  0.0683045
3.595  16.02  0.101354  0.0666804
3.595  16.02  0.100808  0.0651154
3.595  16.02  0.100263  0.0636064
3.595  16.02  0.0997166  0.0621502
3.595  16.02  0.0991707  0.0607443
3.595  16.02  0.0986248  0.059386
3.595  16.02  0.0980789  0.058073
3.595  16.02  0.097533  0.0568031
3.595  16.02  0.0969871  0.0555741
3.595  16.02  0.0964412  0.0543841
3.595  16.02  0.0958954  0.0532314
3.595  16.02  0.0953495  0.0521141
3.595  16.02  0.0948036  0.0510306
3.595  16.02  0.0942577  0.0499795
3.595  16.02  0.0937118  0.0489593
3.595  16.02  0.0931659  0.0479687
3.595  16.02  0.09262  0.0470064
3.595  16.02  0.0920741  0.0460712
3.595  16.02  0.0915282  0.0451619
3.595  16.02  0.0909823  0.0442776
3.595  16.02  0.0904364  0.0434172
3.595  16.02  0.0898905  0.0425797
3.595  16.02  0.0893446  0.0417643
3.595  16.02  0.0887987  0.04097
3.595  16.02  0.0882528  0.0401961
3.595  16.02  0.0877069  0.0394418
3.595  16.02  0.0871611  0.0387064
3.595  16.02  0.0866152  0.0379891
3.595  16.02  0.0860693  0.0372893
3.595  16.02  0.0855234  0.0366064
3.595  16.02  0.0849775  0.0359397
3.595  16.02  0.0844316  0.0352887
3.595  16.02  0.0838857  0.0346529
3.595  16.02  0.0833398  0.0340317
3.595  16.02  0.0827939  0.0334246
3.595  16.02  0.082248  0.0328311
3.595  16.02  0.0817021  0.0322508
3.595  16.02  0.0811562  0.0316833
3.595  16.02  0.0806103  0.0311281
3.595  16.02  0.0800644  0.0305849
3.595  16.02  0.0795185  0.0300532
3.595  16.02  0.0789726  0.0295327
3.595  16.02  0.0784267  0.029023
3.595  16.02  0.0778809  0.0285239
3.595  16.02  0.077335  0.028035
3.595  16.02  0.0767891  0.0275559
3.595  16.02  0.0762432  0.0270864
3.595  16.02  0.0756973  0.0266262
3.595  16.02  0.0751514  0.026175
3.595  16.02  0.0746055  0.0257326
3.595  20.016  0.189665  0.396359
3.595  20.016  0.188813  0.372657
3.595  20.016  0.187961  0.351451
3.595  20.016  0.18711  0.332366
3.595  20.016  0.186258  0.315098
3.595  20.016  0.185406  0.2994
3.595  20.016  0.184554  0.285067
3.595  20.016  0.183702  0.271928
3.595  20.016  0.182851  0.25984
3.595  20.016  0.181999  0.248683
3.595  20.016  0.181147  0.238351
3.595  20.016  0.180295  0.228758
3.595  20.016  0.179444  0.219826
3.595  20.016  0.178592  0.21149
3.595  20.016  0.17774  0.203692
3.595  20.016  0.176888  0.196381
3.595  20.016  0.176036  0.189513
3.595  20.016  0.175185  0.183049
3.595  20.016  0.174333  0.176954
3.595  20.016  0.173481  0.171198
3.595  20.016  0.172629  0.165753
3.595  20.016  0.171777  0.160595
3.595  20.016  0.170926  0.155701
3.595  20.016  0.170074  0.151052
3.595  20.016  0.169222  0.14663
3.595  20.016  0.16837  0.142418
3.595  20.016  0.167518  0.138403
3.595  20.016  0.166667  0.134569
3.595  20.016  0.165815  0.130906
3.595  20.016  0.164963  0.127403
3.595  20.016  0.164111  0.124048
3.595  20.016  0.16326  0.120833
3.595  20.016  0.162408  0.11775
3.595  20.016  0.161556  0.11479
3.595  20.016  0.160704  0.111946
3.595  20.016  0.159852  0.109211
3.595  20.016  0.159001  0.106579
3.595  20.016  0.158149  0.104045
3.595  20.016  0.157297  0.101603
3.595  20.016  0.156445  0.0992486
3.595  20.016  0.155593  0.0969765
3.595  20.016  0.154742  0.0947827
3.595  20.016  0.15389  0.0926633
3.595  25.012  0.282652  0.37191
3.595  25.012  0.279994  0.343005
3.595  25.012  0.278665  0.329998
3.595  25.012  0.277336  0.317829
3.595  25.012  0.276007  0.306422
3.595  25.012  0.274678  0.295705
3.595  25.012  0.273348  0.285619
3.595  25.012  0.272019  0.27611
3.595  25.012  0.27069  0.267128
3.595  25.012  0.269361  0.258633
3.595  25.012  0.268032  0.250584
3.595  25.012  0.266703  0.242948
3.595  25.012  0.265374  0.235694
3.595  25.012  0.264045  0.228794
3.595  25.012  0.262716  0.222222
3.595  25.012  0.261387  0.215956
3.595  25.012  0.260058  0.209975
3.595  25.012  0.258729  0.204259
3.595  25.012  0.257399  0.198792
3.595  25.012  0.25607  0.193558
3.595  25.012  0.254741  0.188542
3.595  25.012  0.253412  0.183731
3.595  25.012  0.252083  0.179112
3.595  25.012  0.250754  0.174674
3.595  25.012  0.249425  0.170407
3.595  25.012  0.248096  0.166301
3.595  25.012  0.246767  0.162346
3.595  25.012  0.245438  0.158536
3.595  25.012  0.244109  0.154862
3.595  25.012  0.242779  0.151317
3.595  25.012  0.24145  0.147894
3.595  25.012  0.240121  0.144587
3.595  25.012  0.238792  0.14139
3.595  25.012  0.237463  0.138298
3.595  25.012  0.236134  0.135306
3.595  25.012  0.234805  0.132409
3.595  25.012  0.233476  0.129602
3.595  25.012  0.232147  0.126882
3.595  25.012  0.230818  0.124244
3.595  25.012  0.229489  0.121685
3.595  25.012  0.22816  0.119201
3.595  25.012  0.22683  0.116789
3.595  25.012  0.225501  0.114446
3.595  25.012  0.224172  0.112169
3.595  25.012  0.222843  0.109955
3.595  25.012  0.221514  0.107802
3.595  25.012  0.220185  0.105708
3.595  25.012  0.218856  0.103669
3.595  25.012  0.217527  0.101683
3.595  25.012  0.216198  0.0997495
3.595  30.01  0.377858  0.319616
3.595  30.01  0.375946  0.310604
3.595  30.01  0.374034  0.302001
3.595  30.01  0.372123  0.293781
3.595  30.01  0.370211  0.285918
3.595  30.01  0.3683  0.27839
3.595  30.01  0.366388  0.271175
3.595  30.01  0.364476  0.264255
3.595  30.01  0.362565  0.257612
3.595  30.01  0.360653  0.251229
3.595  30.01  0.358742  0.245092
3.595  30.01  0.35683  0.239186
3.595  30.01  0.354919  0.233499
3.595  30.01  0.353007  0.228019
3.595  30.01  0.351095  0.222734
3.595  30.01  0.349184  0.217635
3.595  30.01  0.347272  0.212712
3.595  30.01  0.345361  0.207956
3.595  30.01  0.343449  0.203358
3.595  30.01  0.341537  0.198911
3.595  30.01  0.339626  0.194607
3.595  30.01  0.337714  0.19044
3.595  30.01  0.335803  0.186404
3.595  30.01  0.333891  0.182491
3.595  30.01  0.331979  0.178697
3.595  30.01  0.330068  0.175016
3.595  30.01  0.328156  0.171444
3.595  30.01  0.326245  0.167975
3.595  30.01  0.324333  0.164605
3.595  30.01  0.322422  0.16133
3.595  30.01  0.32051  0.158146
3.595  30.01  0.318598  0.15505
3.595  30.01  0.316687  0.152037
3.595  30.01  0.314775  0.149104
3.595  30.01  0.312864  0.146248
3.595  30.01  0.310952  0.143467
3.595  30.01  0.30904  0.140757
3.595  30.01  0.307129  0.138116
3.595  30.01  0.305217  0.13554
3.595  30.01  0.303306  0.133029
3.595  30.01  0.301394  0.130578
3.595  30.01  0.299482  0.128187
3.595  30.01  0.297571  0.125852
3.595  30.01  0.295659  0.123573
3.595  30.01  0.293748  0.121346
3.595  30.01  0.291836  0.119171
3.595  30.01  0.289924  0.117045
3.595  30.01  0.288013  0.114967
3.595  30.01  0.286101  0.112935
3.595  30.01  0.28419  0.110947
3.595  30.01  0.282278  0.109003
3.595  30.01  0.280367  0.107101
3.595  30.01  0.278455  0.105239
3.595  30.01  0.276543  0.103416
3.595  30.01  0.274632  0.101632
3.595  30.01  0.27272  0.0998839
3.595  30.01  0.270809  0.0981717
3.595  30.01  0.268897  0.0964941
3.595  30.01  0.266985  0.09485
3.595  30.01  0.265074  0.0932385
3.595  30.01  0.263162  0.0916586
3.595  30.01  0.261251  0.0901094
3.595  30.01  0.259339  0.08859
3.595  30.01  0.257427  0.0870995
3.595  30.01  0.255516  0.0856371
3.595  30.01  0.253604  0.0842021
3.595  30.01  0.251693  0.0827936
3.595  30.01  0.249781  0.081411
3.595  30.01  0.24787  0.0800535
3.595  30.01  0.245958  0.0787205
3.595  30.01  0.244046  0.0774113
3.595  30.01  0.242135  0.0761252
3.595  30.01  0.240223  0.0748618
3.595  30.01  0.238312  0.0736202
3.595  30.01  0.2364  0.0724001
3.595  30.01  0.234488  0.0712009
3.595  30.01  0.232577  0.070022
3.595  30.01  0.230665  0.0688629
3.595  30.01  0.228754  0.0677231
3.595  30.01  0.226842  0.0666021
3.595  30.01  0.22493  0.0654996
3.595  30.01  0.223019  0.0644149
3.595  30.01  0.221107  0.0633478
3.595  30.01  0.219196  0.0622977
3.595  30.01  0.217284  0.0612643
3.595  30.01  0.215372  0.0602471
3.595  30.01  0.213461  0.0592459
3.595  30.01  0.211549  0.0582602
3.595  30.01  0.209638  0.0572896
3.595  30.01  0.207726  0.0563339
3.595  30.01  0.205815  0.0553926
3.595  30.01  0.203903  0.0544655
3.595  30.01  0.201991  0.0535523
3.595  30.01  0.20008  0.0526525
3.6  15  0.111838  0.595981
3.6  15  0.111295  0.506911
3.6  15  0.11072  0.437053
3.6  15  0.110177  0.386268
3.6  15  0.109634  0.345699
3.6  15  0.109059  0.310784
3.6  15  0.108515  0.283467
3.6  15  0.107972  0.260352
3.6  15  0.107429  0.240539
3.6  15  0.106854  0.222429
3.6  15  0.106342  0.208343
3.6  15  0.105831  0.195822
3.6  15  0.105288  0.183959
3.6  15  0.104777  0.173941
3.6  15  0.104265  0.164874
3.6  15  0.103722  0.156138
3.6  15  0.103211  0.14865
3.6  15  0.1027  0.141783
3.6  15  0.102188  0.135462
3.6  15  0.101645  0.129275
3.6  15  0.101134  0.123894
3.6  15  0.100655  0.119196
3.6  15  0.100175  0.114802
3.6  15  0.0996641  0.110417
3.6  15  0.0991848  0.106563
3.6  15  0.0987055  0.102935
3.6  15  0.0981942  0.0992925
3.6  15  0.0977149  0.0960733
3.6  15  0.0972356  0.0930275
3.6  15  0.0967243  0.0899544
3.6  15  0.096245  0.0872252
3.6  15  0.0957657  0.0846319
3.6  15  0.0952544  0.0820042
3.6  15  0.0947751  0.0796611
3.6  15  0.0943278  0.0775722
3.6  15  0.0938485  0.0754319
3.6  15  0.0934011  0.0735199
3.6  15  0.0929218  0.0715571
3.6  15  0.0924745  0.0698005
3.6  15  0.0919951  0.067994
3.6  15  0.0915478  0.0663746
3.6  15  0.0911004  0.0648157
3.6  15  0.0906211  0.0632088
3.6  15  0.0901738  0.0617649
3.6  15  0.0896945  0.0602745
3.9  15  0.131405  0.673317
3.9  15  0.130782  0.571253
3.9  15  0.130124  0.49179
3.9  15  0.129466  0.431199
3.9  15  0.128843  0.38573
3.9  15  0.128186  0.346748
3.9  15  0.127562  0.316174
3.9  15  0.126905  0.289004
3.9  15  0.126282  0.267043
3.9  15  0.125624  0.247027
3.9  15  0.125001  0.230492
3.9  15  0.124343  0.215136
3.9  15  0.12372  0.202238
3.9  15  0.123132  0.191301
3.9  15  0.122508  0.180842
3.9  15  0.12192  0.17188
3.9  15  0.121297  0.163228
3.9  15  0.120708  0.15575
3.9  15  0.120085  0.148475
3.9  15  0.119497  0.142141
3.9  15  0.118874  0.135938
3.9  15  0.118285  0.130504
3.9  15  0.117662  0.125153
3.9  15  0.117108  0.120709
3.9  15  0.116554  0.116531
3.9  15  0.115966  0.112359
3.9  15  0.115412  0.108662
3.9  15  0.114824  0.104955
3.9  15  0.11427  0.101659
3.9  15  0.113681  0.0983443
3.9  15  0.113127  0.0953875
3.9  15  0.112539  0.0924057
3.9  15  0.111985  0.0897386
3.9  15  0.111431  0.0871968
3.9  15  0.110843  0.0846238
4.3  15  0.156829  0.437556
4.3  15  0.156065  0.394153
4.3  15  0.155302  0.358266
4.3  15  0.1545  0.326716
4.3  15  0.153737  0.301197
4.3  15  0.152974  0.279174
4.3  15  0.15221  0.259975
4.3  15  0.151447  0.243088
4.3  15  0.150646  0.227417
4.3  15  0.149882  0.214132
4.3  15  0.149157  0.202768
4.3  15  0.148432  0.192454
4.3  15  0.147707  0.183051
4.3  15  0.146982  0.174445
4.3  15  0.146256  0.166537
4.3  15  0.145531  0.159246
4.3  15  0.144806  0.152503
4.3  15  0.144081  0.146247
4.3  15  0.143356  0.140429
4.3  15  0.14263  0.135004
4.3  15  0.141905  0.129932
4.3  15  0.14118  0.125182
4.3  15  0.140493  0.12095
4.3  15  0.139806  0.116957
4.3  15  0.139119  0.113184
4.3  15  0.13847  0.109807
4.3  15  0.137783  0.106412
4.3  15  0.137096  0.103189
4.3  15  0.136409  0.100126
4.3  15  0.135722  0.0972119
4.3  15  0.135035  0.0944351
4.3  15  0.134348  0.0917864
4.3  15  0.133661  0.0892573
4.3  15  0.133012  0.0869712
4.3  15  0.132364  0.0847786
4.3  15  0.131715  0.0826738
4.3  15  0.131066  0.0806516
4.3  15  0.130417  0.0787072
4.3  15  0.129768  0.0768364
4.3  15  0.129119  0.0750349
4.3  15  0.12847  0.0732989
4.3  15  0.127822  0.0716251
4.3  15  0.127173  0.07001
4.3  15  0.126562  0.0685409
4.3  15  0.125913  0.0670315
5.766  18  0.254611  0.0587338
5.766  18  0.261846  0.0630844
5.766  18  0.268499  0.0674404
5.766  18  0.274621  0.0717901
5.766  18  0.280272  0.0761318
5.766  18  0.28554  0.0804965
5.766  18  0.290417  0.0848427
5.766  18  0.294963  0.0891875
5.766  18  0.299221  0.0935429
5.766  18  0.303207  0.097896
5.766  18  0.306942  0.102243
5.766  18  0.310464  0.106601
5.766  18  0.313772  0.110946
5.766  18  0.316896  0.115295
5.766  18  0.319857  0.119656
5.766  18  0.32265  0.124
5.766  18  0.325294  0.128339
5.766  18  0.327821  0.132706
5.766  18  0.330209  0.137045
5.766  18  0.332485  0.141393
5.766  18  0.334666  0.145763
5.766  18  0.336729  0.150097
5.766  18  0.338711  0.154456
5.766  18  0.340604  0.158812
5.766  18  0.342409  0.163151
5.766  18  0.34414  0.167495
5.766  18  0.345805  0.171853
5.766  18  0.347404  0.176213
5.766  18  0.348929  0.180544
5.766  18  0.35041  0.184919
5.766  18  0.351825  0.189264
5.766  18  0.353188  0.193614
5.766  18  0.354499  0.197957
5.766  18  0.355766  0.202311
5.766  18  0.356989  0.206668
5.766  18  0.358168  0.211018
5.766  18  0.359303  0.215353
5.766  18  0.360408  0.219722
5.766  18  0.361469  0.22406
5.766  18  0.3625  0.228419
5.766  18  0.363495  0.232762
5.766  18  0.36446  0.237112
5.766  18  0.365395  0.241465
5.766  18  0.366302  0.245813
5.766  18  0.367186  0.250187
5.766  18  0.368033  0.254507
5.766  18  0.368865  0.258878
5.766  18  0.369669  0.263221
5.766  18  0.370449  0.267566
5.766  18  0.371208  0.27191
5.766  18  0.371952  0.276291
5.766  18  0.372667  0.280616
5.766  18  0.373367  0.284969
5.766  18  0.374052  0.289346
5.766  18  0.374715  0.293696
5.766  18  0.375356  0.298011
5.766  18  0.37599  0.302389
5.766  18  0.376601  0.306723
5.766  18  0.377198  0.31106
5.766  18  0.377787  0.315451
5.766  18  0.378355  0.319783
5.766  18  0.378907  0.324105
5.766  18  0.379452  0.328473
5.766  18  0.379983  0.332825
5.766  18  0.380499  0.337156
5.766  18  0.381007  0.341525
5.766  18  0.381501  0.345865
5.766  18  0.381987  0.350239
5.766  18  0.382458  0.354575
5.766  18  0.382923  0.35894
5.766  18  0.383372  0.363259
5.766  18  0.383821  0.367673
5.766  18  0.384249  0.37196
5.766  18  0.384676  0.376339
5.766  18  0.385096  0.380734
5.766  18  0.385501  0.385064
5.766  18  0.385899  0.389402
5.766  18  0.386289  0.393748
5.766  18  0.386673  0.398098
5.766  18  0.387048  0.402451
5.766  18  0.387417  0.406802
5.766  18  0.387778  0.411151
5.766  18  0.388131  0.415494
5.766  18  0.388478  0.419829
5.766  18  0.388824  0.424247
5.766  18  0.389155  0.428557
5.766  18  0.389487  0.432948
5.766  18  0.389804  0.437222
5.766  18  0.390121  0.441574
5.766  18  0.390437  0.446006
5.766  18  0.390739  0.450309
5.766  18  0.391041  0.454689
5.766  18  0.391336  0.459038
5.766  18  0.391623  0.463353
5.766  18  0.391911  0.467743
5.766  18  0.392191  0.472095
5.766  18  0.392463  0.476404
5.766  18  0.393001  0.485124
5.766  18  0.393259  0.489411
5.766  18  0.393517  0.493767
5.766  22  0.349708  0.0720418
5.766  22  0.358904  0.0764054
5.766  22  0.367539  0.0807768
5.766  22  0.375635  0.0851405
5.766  22  0.383247  0.0895001
5.766  22  0.390452  0.0938773
5.766  22  0.397228  0.0982367
5.766  22  0.403641  0.102599
5.766  22  0.409735  0.106974
5.766  22  0.415499  0.111338
5.766  22  0.420977  0.115703
5.766  22  0.426191  0.120071
5.766  22  0.431151  0.124436
5.766  22  0.435881  0.1288
5.766  22  0.440402  0.133171
5.766  22  0.444714  0.137535
5.766  22  0.448839  0.141898
5.766  22  0.452799  0.146274
5.766  22  0.456583  0.150638
5.766  22  0.460202  0.154989
5.766  22  0.4637  0.15937
5.766  22  0.467044  0.16373
5.766  22  0.470267  0.168099
5.766  22  0.473369  0.172471
5.766  22  0.47635  0.176833
5.766  22  0.479221  0.181194
5.766  22  0.481993  0.185559
5.766  22  0.484666  0.189923
5.766  22  0.487251  0.194293
5.766  22  0.489748  0.198663
5.766  22  0.492157  0.203025
5.766  22  0.494489  0.20739
5.766  22  0.496755  0.211774
5.766  22  0.498933  0.216126
5.766  22  0.501045  0.220482
5.766  22  0.503102  0.22486
5.766  22  0.505093  0.229229
5.766  22  0.507018  0.233584
5.766  22  0.508899  0.237969
5.766  22  0.510714  0.242326
5.766  22  0.512474  0.246675
5.766  22  0.514201  0.251067
5.766  22  0.515862  0.255412
5.766  22  0.51749  0.25979
5.766  22  0.519074  0.264169
5.766  22  0.520603  0.268512
5.766  22  0.522098  0.272875
5.766  22  0.523561  0.277256
5.766  22  0.52498  0.281618
5.766  22  0.526364  0.285982
5.766  22  0.527716  0.290354
5.766  22  0.529032  0.294718
5.766  22  0.530314  0.299078
5.766  22  0.53157  0.303454
5.766  22  0.532793  0.307815
5.766  22  0.533986  0.312176
5.766  22  0.535155  0.316552
5.766  22  0.536294  0.320912
5.766  22  0.537407  0.325274
5.766  22  0.538498  0.329649
5.766  22  0.539562  0.33401
5.766  22  0.540602  0.338373
5.766  22  0.54262  0.347113
5.766  22  0.544551  0.35585
5.766  22  0.545485  0.36021
5.766  22  0.546401  0.364573
5.766  22  0.549037  0.377667
5.766  22  0.549884  0.382047
5.766  22  0.553099  0.399506
5.766  26  0.452399  0.0855048
5.766  26  0.463438  0.0898834
5.766  26  0.473971  0.0942801
5.766  26  0.483951  0.098659
5.766  26  0.493455  0.103036
5.766  26  0.50256  0.107434
5.766  26  0.511219  0.111815
5.766  26  0.519495  0.116196
5.766  26  0.527433  0.120588
5.766  26  0.535017  0.124971
5.766  26  0.54228  0.129349
5.766  26  0.549266  0.133739
5.766  26  0.55596  0.13812
5.766  26  0.562393  0.142502
5.766  26  0.568596  0.146896
5.766  26  0.574553  0.15128
5.766  26  0.58028  0.155657
5.766  26  0.585823  0.160052
5.766  26  0.591151  0.164433
5.766  26  0.596294  0.168816
5.766  26  0.601269  0.173206
5.766  26  0.606059  0.177581
5.766  26  0.610696  0.181961
5.766  26  0.615195  0.186354
5.766  26  0.61954  0.190739
5.766  26  0.623747  0.195123
5.766  26  0.627831  0.199516
5.766  26  0.631777  0.203894
5.766  26  0.6356  0.208269
5.766  26  0.639331  0.212669
5.766  26  0.642939  0.217053
5.766  26  0.64644  0.221434
5.766  26  0.649848  0.225824
5.766  26  0.653149  0.230198
5.766  26  0.656374  0.234593
5.766  26  0.659506  0.238982
5.766  26  0.662546  0.24336
5.766  26  0.665509  0.247744
5.766  26  0.668396  0.25213
5.766  26  0.671205  0.256513
5.766  26  0.673938  0.260888
5.766  26  0.67661  0.265275
5.766  26  0.67922  0.269671
5.766  26  0.681753  0.274046
5.766  26  0.684241  0.278448
5.766  26  0.686651  0.28282
5.766  26  0.689016  0.287213
5.766  26  0.695771  0.300367
5.766  26  0.697921  0.304751
5.766  26  0.700024  0.30914
5.766  26  0.706043  0.322267
5.766  32  0.496496  0.0729112
5.766  32  0.514988  0.0773229
5.766  32  0.53276  0.0817534
5.766  32  0.549719  0.0861671
5.766  32  0.565981  0.0905811
5.766  32  0.581638  0.0950102
5.766  32  0.596622  0.0994236
5.766  32  0.611026  0.103837
5.766  32  0.624918  0.108262
5.766  32  0.638276  0.112683
5.766  32  0.651123  0.117096
5.766  32  0.663551  0.121526
5.766  32  0.675492  0.125937
5.766  32  0.687015  0.130347
5.766  32  0.698189  0.134775
5.766  32  0.708968  0.139196
5.766  32  0.719376  0.14361
5.766  32  0.729481  0.148039
5.766  32  0.739215  0.152447
5.766  32  0.74867  0.156868
5.766  32  0.757847  0.161296
5.766  32  0.766698  0.165701
5.766  32  0.775317  0.170123
5.766  32  0.78368  0.174546
5.766  32  0.791787  0.178962
5.766  32  0.799663  0.183379
5.766  32  0.807329  0.187804
5.766  32  0.814763  0.192218
5.766  32  0.821988  0.19663
5.766  32  0.82905  0.201063
5.766  32  0.83588  0.205469
5.766  32  0.842547  0.209886
5.766  32  0.849052  0.214312
5.766  32  0.855371  0.218725
5.766  32  0.861551  0.223153
5.766  32  0.867567  0.227577
5.766  32  0.873422  0.23199
5.766  32  0.879137  0.236407
5.766  32  0.884712  0.240822
5.766  32  0.890171  0.245253
5.766  32  0.895468  0.249655
5.766  32  0.900672  0.254083
5.766  32  0.910684  0.262906
5.766  40  0.377081  0.0425261
5.766  40  0.408963  0.0469969
5.766  40  0.439686  0.0514687
5.766  40  0.469395  0.0559542
5.766  40  0.497944  0.0604225
5.766  40  0.525515  0.0648926
5.766  40  0.552252  0.0693807
5.766  40  0.577976  0.0738485
5.766  40  0.602902  0.0783254
5.766  40  0.627031  0.0828046
5.766  40  0.650363  0.0872787
5.766  40  0.672934  0.0917471
5.766  40  0.694889  0.0962325
5.766  40  0.71612  0.100706
5.766  40  0.736699  0.105177
5.766  40  0.756734  0.109662
5.766  40  0.776117  0.114131
5.766  40  0.794956  0.118603
5.766  40  0.813325  0.123091
5.766  40  0.831114  0.127562
5.766  40  0.848396  0.132029
5.766  40  0.865279  0.136514
5.766  40  0.881691  0.140994
5.766  40  0.897632  0.145464
5.766  40  0.913211  0.149949
5.766  40  0.928319  0.154414
5.766  40  0.943064  0.158885
5.766  40  0.957484  0.16337
5.766  40  0.971505  0.167842
5.766  40  0.9852  0.17232
5.766  40  0.998568  0.1768
5.766  40  1.01161  0.181277
5.766  40  1.02433  0.185748
5.766  40  1.03675  0.190222
5.766  40  1.04889  0.194695
5.766  40  1.06078  0.199176
5.766  40  1.07237  0.203649
5.766  40  1.08371  0.208124
5.766  40  1.0948  0.212598
5.766  40  1.10566  0.217081
5.766  40  1.11628  0.221557
5.766  40  1.12664  0.226021
5.766  40  1.13682  0.230502
5.766  50  0.447526  0.0479548
5.766  50  0.483761  0.0525156
5.766  50  0.51915  0.0570864
5.766  50  0.553579  0.0616483
5.766  50  0.587162  0.0662115
5.766  50  0.620011  0.0707875
5.766  50  0.651957  0.0753485
5.766  50  0.683169  0.0799142
5.766  50  0.713704  0.0844894
5.766  50  0.743449  0.0890532
5.766  50  0.772517  0.0936188
5.766  50  0.800963  0.0981915
5.766  50  0.828676  0.10275
5.766  50  0.855824  0.107317
5.766  50  0.882408  0.11189
5.766  50  0.908372  0.116457
5.766  50  0.933714  0.121013
5.766  50  0.958661  0.125597
5.766  50  0.982931  0.130152
5.766  50  1.00675  0.134719
5.766  50  1.03012  0.139294
5.766  50  1.05292  0.143852
5.766  50  1.07527  0.148412
5.766  50  1.09728  0.152996
5.766  50  1.11873  0.157553
5.766  50  1.13978  0.162116
5.766  50  1.1605  0.166695
5.766  50  1.1807  0.17125
5.766  50  1.20057  0.175816
5.766  50  1.2201  0.180391
5.766  50  1.23923  0.18496
5.766  50  1.25797  0.189519
5.766  50  1.27643  0.194094
5.766  50  1.29449  0.198654
5.766  50  1.32971  0.207793
6.465  8  0.103637  0.4641
6.465  8  0.103425  0.417536
6.465  8  0.103213  0.379321
6.465  8  0.103017  0.349663
6.465  8  0.102805  0.322259
6.465  8  0.102592  0.298748
6.465  8  0.102396  0.279828
6.465  8  0.102184  0.261795
6.465  8  0.101972  0.245883
6.465  8  0.101825  0.235921
7.235  8  0.129542  0.469607
7.235  8  0.129268  0.425223
7.235  8  0.129012  0.390624
7.235  8  0.128756  0.361123
7.235  8  0.1285  0.335672
7.235  8  0.128244  0.31349
7.235  8  0.12797  0.292681
7.235  8  0.127714  0.27554
7.235  8  0.127458  0.260237
7.235  8  0.127276  0.250275
7.933  8  0.155767  0.518795
7.933  8  0.155446  0.470661
7.933  8  0.155125  0.430549
7.933  8  0.154845  0.400563
7.933  8  0.154524  0.370924
7.933  8  0.154224  0.346772
7.933  8  0.153903  0.324166
7.933  8  0.153602  0.305425
7.933  8  0.153282  0.287616
7.933  8  0.152961  0.271707
7.933  8  0.152721  0.260846
8.576  8  0.18139  0.476167
8.576  8  0.181022  0.43848
8.576  8  0.180654  0.4062
8.576  8  0.180285  0.378241
8.576  8  0.179917  0.353789
8.576  8  0.179549  0.332224
8.576  8  0.179202  0.314131
8.576  8  0.178834  0.296884
8.576  8  0.178466  0.281371
8.576  8  0.178184  0.270522
9.175  8  0.207294  0.478206
9.175  8  0.206853  0.440924
9.175  8  0.206436  0.41048
9.175  8  0.206019  0.383868
9.175  8  0.205602  0.360408
9.175  8  0.205185  0.339571
9.175  8  0.204791  0.321923
9.175  8  0.204373  0.305069
9.175  8  0.203956  0.289832
9.175  8  0.203632  0.278957
9.738  8  0.233051  0.470423
9.738  8  0.232239  0.416697
9.738  8  0.231772  0.390855
9.738  8  0.231305  0.367943
9.738  8  0.230837  0.347491
9.738  8  0.23037  0.329123
9.738  8  0.229878  0.311707
9.738  8  0.229435  0.297481
9.738  8  0.229091  0.28725
11.267  8  0.310913  0.483043
11.267  8  0.310286  0.453013
11.267  8  0.30966  0.426399
11.267  8  0.309063  0.403671
11.267  8  0.308436  0.382242
11.267  8  0.307782  0.362065
11.267  8  0.307156  0.344593
11.267  8  0.306558  0.329361
11.267  8  0.305932  0.314729
