 1 Barreau:1983ht             0
 2 O'Connell:1987ag           0
 3 Sealock:1989nx             0
 4 Baran:1988tw               0
 5 Bagdasaryan:1988hp         0
 6 Zeller:1973ge              0
 7 Arrington:1995hs           0
 8 Day:1993md                 0
# 9 Arrington:1998psnoCC       0
10 xemc                       1
11 Whitney:1974hr             0
12 YaLIJan05                  0
13 VaheJun07                  1
 0 end
 29 64   5.766  18.000   2.310  0.1345E+04  0.5744E+01 10
 29 64   5.766  18.000   2.235  0.1284E+04  0.7128E+01 10
 29 64   5.766  18.000   2.166  0.1193E+04  0.6432E+01 10
 29 64   5.766  18.000   2.100  0.1094E+04  0.4269E+01 10
 29 64   5.766  18.000   2.038  0.1007E+04  0.5894E+01 10
 29 64   5.766  18.000   1.980  0.9251E+03  0.4067E+01 10
 29 64   5.766  18.000   1.925  0.8593E+03  0.5683E+01 10
 29 64   5.766  18.000   1.873  0.7728E+03  0.5460E+01 10
 29 64   5.766  18.000   1.824  0.6933E+03  0.3913E+01 10
 29 64   5.766  18.000   1.777  0.6351E+03  0.5845E+01 10
 29 64   5.766  18.000   1.733  0.5625E+03  0.2547E+01 10
 29 64   5.766  18.000   1.691  0.5136E+03  0.2219E+01 10
 29 64   5.766  18.000   1.612  0.4376E+03  0.2010E+01 10
 29 64   5.766  18.000   1.540  0.3609E+03  0.1771E+01 10
 29 64   5.766  18.000   1.475  0.3093E+03  0.1647E+01 10
 29 64   5.766  18.000   1.415  0.2617E+03  0.1522E+01 10
 29 64   5.766  18.000   1.359  0.2193E+03  0.1393E+01 10
 29 64   5.766  18.000   1.308  0.1857E+03  0.1288E+01 10
 29 64   5.766  18.000   1.261  0.1518E+03  0.1170E+01 10
 29 64   5.766  18.000   1.216  0.1216E+03  0.1046E+01 10
 29 64   5.766  18.000   1.195  0.1067E+03  0.1045E+01 10
 29 64   5.766  18.000   1.156  0.8168E+02  0.9334E+00 10
 29 64   5.766  18.000   1.118  0.6196E+02  0.8678E+00 10
 29 64   5.766  18.000   1.083  0.4514E+02  0.8068E+00 10
 29 64   5.766  18.000   1.051  0.3243E+02  0.7651E+00 10
 29 64   5.766  18.000   1.020  0.2397E+02  0.7533E+00 10
 29 64   5.766  18.000   0.991  0.1772E+02  0.6178E-01 10
 29 64   5.766  22.000   2.587  0.3561E+03  0.1517E+01 10
 29 64   5.766  22.000   2.523  0.3275E+03  0.1809E+01 10
 29 64   5.766  22.000   2.463  0.2940E+03  0.1577E+01 10
 29 64   5.766  22.000   2.406  0.2603E+03  0.1020E+01 10
 29 64   5.766  22.000   2.351  0.2303E+03  0.1366E+01 10
 29 64   5.766  22.000   2.299  0.2068E+03  0.1275E+01 10
 29 64   5.766  22.000   2.249  0.1822E+03  0.8502E+00 10
 29 64   5.766  22.000   2.201  0.1610E+03  0.1152E+01 10
 29 64   5.766  22.000   2.155  0.1429E+03  0.1114E+01 10
 29 64   5.766  22.000   2.111  0.1250E+03  0.8041E+00 10
 29 64   5.766  22.000   2.068  0.1085E+03  0.5495E+00 10
 29 64   5.766  22.000   2.028  0.9582E+02  0.4697E+00 10
 29 64   5.766  22.000   1.951  0.7515E+02  0.3944E+00 10
 29 64   5.766  22.000   1.880  0.5954E+02  0.3321E+00 10
 29 64   5.766  22.000   1.846  0.5251E+02  0.3209E+00 10
 29 64   5.766  22.000   1.782  0.4041E+02  0.2714E+00 10
 29 64   5.766  22.000   1.752  0.3577E+02  0.2656E+00 10
 29 64   5.766  22.000   1.695  0.2726E+02  0.2268E+00 10
 29 64   5.766  22.000   1.641  0.2063E+02  0.1919E+00 10
 29 64   5.766  22.000   1.615  0.1757E+02  0.1869E+00 10
 29 64   5.766  22.000   1.566  0.1253E+02  0.1537E+00 10
 29 64   5.766  22.000   1.543  0.1034E+02  0.1500E+00 10
 29 64   5.766  22.000   1.498  0.7253E+01  0.1310E+00 10
 29 64   5.766  22.000   1.476  0.5813E+01  0.3283E-01 10
 29 64   5.766  22.000   1.435  0.4118E+01  0.1241E+00 10
 29 64   5.766  22.000   1.397  0.2987E+01  0.1174E+00 10
 29 64   5.766  22.000   1.378  0.2316E+01  0.1707E-01 10
 29 64   5.766  22.000   1.292  0.1019E+01  0.1127E-01 10
 29 64   5.766  22.000   1.216  0.4738E+00  0.8026E-02 10
 29 64   5.766  26.000   2.876  0.1135E+03  0.7854E+00 10
 29 64   5.766  26.000   2.819  0.9742E+02  0.6259E+00 10
 29 64   5.766  26.000   2.765  0.8733E+02  0.5370E+00 10
 29 64   5.766  26.000   2.713  0.7588E+02  0.3295E+00 10
 29 64   5.766  26.000   2.662  0.6497E+02  0.4277E+00 10
 29 64   5.766  26.000   2.614  0.5631E+02  0.3896E+00 10
 29 64   5.766  26.000   2.567  0.4795E+02  0.2559E+00 10
 29 64   5.766  26.000   2.522  0.4088E+02  0.3380E+00 10
 29 64   5.766  26.000   2.478  0.3503E+02  0.3084E+00 10
 29 64   5.766  26.000   2.436  0.3005E+02  0.2182E+00 10
 29 64   5.766  26.000   2.396  0.2561E+02  0.3169E+00 10
 29 64   5.766  26.000   2.356  0.2207E+02  0.1254E+00 10
 29 64   5.766  26.000   2.318  0.1899E+02  0.1044E+00 10
 29 64   5.766  26.000   2.281  0.1618E+02  0.9366E-01 10
 29 64   5.766  26.000   2.211  0.1179E+02  0.7234E-01 10
 29 64   5.766  26.000   2.177  0.1000E+02  0.6789E-01 10
 29 64   5.766  26.000   2.113  0.7241E+01  0.5469E-01 10
 29 64   5.766  26.000   2.083  0.6046E+01  0.5154E-01 10
 29 64   5.766  26.000   2.024  0.4167E+01  0.4049E-01 10
 29 64   5.766  26.000   1.996  0.3479E+01  0.3872E-01 10
 29 64   5.766  26.000   1.968  0.2835E+01  0.3671E-01 10
 29 64   5.766  26.000   1.916  0.1794E+01  0.2769E-01 10
 29 64   5.766  26.000   1.890  0.1475E+01  0.2680E-01 10
 29 64   5.766  26.000   1.842  0.9656E+00  0.2184E-01 10
 29 64   5.766  26.000   1.819  0.7943E+00  0.2278E-01 10
 29 64   5.766  26.000   1.774  0.4983E+00  0.1914E-01 10
 29 64   5.766  26.000   1.752  0.4349E+00  0.2138E-01 10
 29 64   5.766  26.000   1.796  0.6122E+00  0.8385E-02 10
 29 64   5.766  26.000   1.731  0.3373E+00  0.5801E-02 10
 29 64   5.766  26.000   1.651  0.1571E+00  0.3834E-02 10
 29 64   5.766  26.000   1.578  0.7852E-01  0.2730E-02 10
 29 64   5.766  26.000   1.528  0.4572E-01  0.2304E-02 10
 29 64   5.766  32.000   3.347  0.3291E+02  0.3500E+00 10
 29 64   5.766  32.000   3.296  0.2782E+02  0.2787E+00 10
 29 64   5.766  32.000   3.246  0.2375E+02  0.2317E+00 10
 29 64   5.766  32.000   3.198  0.2016E+02  0.1428E+00 10
 29 64   5.766  32.000   3.151  0.1656E+02  0.1815E+00 10
 29 64   5.766  32.000   3.105  0.1391E+02  0.1189E+00 10
 29 64   5.766  32.000   3.061  0.1158E+02  0.1553E+00 10
 29 64   5.766  32.000   3.018  0.9613E+01  0.1011E+00 10
 29 64   5.766  32.000   2.977  0.7970E+01  0.1369E+00 10
 29 64   5.766  32.000   2.936  0.6546E+01  0.9643E-01 10
 29 64   5.766  32.000   2.897  0.5427E+01  0.4415E-01 10
 29 64   5.766  32.000   2.858  0.4372E+01  0.3510E-01 10
 29 64   5.766  32.000   2.821  0.3627E+01  0.3046E-01 10
 29 64   5.766  32.000   2.784  0.2971E+01  0.2655E-01 10
 29 64   5.766  32.000   2.749  0.2454E+01  0.2421E-01 10
 29 64   5.766  32.000   2.714  0.1987E+01  0.2234E-01 10
 29 64   5.766  32.000   2.647  0.1296E+01  0.1625E-01 10
 29 64   5.766  32.000   2.615  0.1074E+01  0.1520E-01 10
 29 64   5.766  32.000   2.584  0.8346E+00  0.1363E-01 10
 29 64   5.766  32.000   2.553  0.6722E+00  0.1241E-01 10
 29 64   5.766  32.000   2.523  0.5114E+00  0.1109E-01 10
 29 64   5.766  32.000   2.494  0.4026E+00  0.1018E-01 10
 29 64   5.766  32.000   2.466  0.3144E+00  0.9693E-02 10
 29 64   5.766  32.000   2.438  0.2620E+00  0.9761E-02 10
 29 64   5.766  32.000   2.410  0.1980E+00  0.4491E-02 10
 29 64   5.766  32.000   2.384  0.1461E+00  0.9297E-02 10
 29 64   5.766  32.000   2.358  0.1151E+00  0.3454E-02 10
 29 64   5.766  32.000   2.307  0.7131E-01  0.2677E-02 10
 29 64   5.766  32.000   2.259  0.4667E-01  0.2134E-02 10
 29 64   5.766  32.000   2.212  0.3325E-01  0.1838E-02 10
 29 64   5.766  32.000   2.168  0.2267E-01  0.1562E-02 10
 29 64   5.766  32.000   2.125  0.1392E-01  0.1252E-02 10
 29 64   5.766  32.000   2.084  0.9140E-02  0.1042E-02 10
 29 64   5.766  32.000   2.044  0.5223E-02  0.8061E-03 10
 29 64   5.766  32.000   2.006  0.3032E-02  0.6324E-03 10
 29 64   5.766  40.000   4.703  0.9568E+02  0.3915E+00 10
 29 64   5.766  40.000   4.637  0.8473E+02  0.3233E+00 10
 29 64   5.766  40.000   4.573  0.7642E+02  0.3134E+00 10
 29 64   5.766  40.000   4.511  0.6811E+02  0.2867E+00 10
 29 64   5.766  40.000   4.450  0.5984E+02  0.2600E+00 10
 29 64   5.766  40.000   4.391  0.5335E+02  0.2553E+00 10
 29 64   5.766  40.000   4.334  0.4639E+02  0.2028E+00 10
 29 64   5.766  40.000   4.278  0.4097E+02  0.1611E+00 10
 29 64   5.766  40.000   4.224  0.3509E+02  0.1397E+00 10
 29 64   5.766  40.000   4.171  0.3011E+02  0.1281E+00 10
 29 64   5.766  40.000   4.119  0.2599E+02  0.1083E+00 10
 29 64   5.766  40.000   4.068  0.2205E+02  0.9152E-01 10
 29 64   5.766  40.000   4.019  0.1885E+02  0.8757E-01 10
 29 64   5.766  40.000   3.971  0.1575E+02  0.6324E-01 10
 29 64   5.766  40.000   3.924  0.1308E+02  0.7003E-01 10
 29 64   5.766  40.000   3.878  0.1107E+02  0.6441E-01 10
 29 64   5.766  40.000   3.833  0.9139E+01  0.4357E-01 10
 29 64   5.766  40.000   3.789  0.7582E+01  0.4942E-01 10
 29 64   5.766  40.000   3.746  0.6301E+01  0.3169E-01 10
 29 64   5.766  40.000   3.705  0.5092E+01  0.2748E-01 10
 29 64   5.766  40.000   3.664  0.4086E+01  0.3389E-01 10
 29 64   5.766  40.000   3.624  0.3319E+01  0.2128E-01 10
 29 64   5.766  40.000   3.584  0.2648E+01  0.1931E-01 10
 29 64   5.766  40.000   3.546  0.2198E+01  0.2529E-01 10
 29 64   5.766  40.000   3.509  0.1730E+01  0.1394E-01 10
 29 64   5.766  40.000   3.472  0.1367E+01  0.1316E-01 10
 29 64   5.766  40.000   3.436  0.1061E+01  0.1497E-01 10
 29 64   5.766  40.000   3.401  0.8551E+00  0.1270E-01 10
 29 64   5.766  40.000   3.366  0.6782E+00  0.1110E-01 10
 29 64   5.766  40.000   3.332  0.5275E+00  0.9551E-02 10
 29 64   5.766  40.000   3.299  0.3981E+00  0.6278E-02 10
 29 64   5.766  40.000   3.267  0.3168E+00  0.8605E-02 10
 29 64   5.766  40.000   3.235  0.2536E+00  0.7539E-02 10
 29 64   5.766  40.000   3.204  0.1785E+00  0.6213E-02 10
 29 64   5.766  40.000   3.173  0.1456E+00  0.5585E-02 10
 29 64   5.766  40.000   3.143  0.1056E+00  0.4840E-02 10
 29 64   5.766  40.000   3.113  0.8151E-01  0.2805E-02 10
 29 64   5.766  40.000   3.084  0.6225E-01  0.2935E-02 10
 29 64   5.766  40.000   3.028  0.3966E-01  0.2389E-02 10
 29 64   5.766  40.000   3.001  0.2593E-01  0.2080E-02 10
 29 64   5.766  40.000   2.974  0.2335E-01  0.1998E-02 10
 29 64   5.766  40.000   2.921  0.1069E-01  0.1312E-02 10
 29 64   5.766  40.000   2.896  0.1077E-01  0.1298E-02 10
 29 64   5.766  40.000   2.871  0.7919E-02  0.1194E-02 10
 29 64   5.766  40.000   2.822  0.3217E-02  0.7933E-03 10
 29 64   5.766  40.000   2.798  0.3650E-02  0.8307E-03 10
 29 64   5.766  40.000   2.775  0.3234E-02  0.9058E-03 10
 29 64   5.766  40.000   2.729  0.1281E-02  0.4531E-03 10
 29 64   5.766  40.000   2.707  0.1017E-02  0.5608E-03 10
 29 64   5.766  40.000   2.685  0.5929E-03  0.5901E-03 10
 29 64   5.766  40.000   2.621  0.1115E-02  0.6437E-03 10
 29 64   5.766  50.000   4.973  0.4625E+02  0.5899E+00 10
 29 64   5.766  50.000   4.925  0.4237E+02  0.4866E+00 10
 29 64   5.766  50.000   4.877  0.3774E+02  0.4099E+00 10
 29 64   5.766  50.000   4.831  0.3254E+02  0.2593E+00 10
 29 64   5.766  50.000   4.785  0.2863E+02  0.2366E+00 10
 29 64   5.766  50.000   4.740  0.2443E+02  0.2172E+00 10
 29 64   5.766  50.000   4.696  0.2062E+02  0.1521E+00 10
 29 64   5.766  50.000   4.653  0.1791E+02  0.1246E+00 10
 29 64   5.766  50.000   4.611  0.1504E+02  0.1089E+00 10
 29 64   5.766  50.000   4.569  0.1271E+02  0.8667E-01 10
 29 64   5.766  50.000   4.528  0.1047E+02  0.8524E-01 10
 29 64   5.766  50.000   4.488  0.8782E+01  0.6126E-01 10
 29 64   5.766  50.000   4.449  0.7321E+01  0.6692E-01 10
 29 64   5.766  50.000   4.410  0.5905E+01  0.4872E-01 10
 29 64   5.766  50.000   4.372  0.4915E+01  0.5452E-01 10
 29 64   5.766  50.000   4.334  0.3987E+01  0.4230E-01 10
 29 64   5.766  50.000   4.298  0.3316E+01  0.2981E-01 10
 29 64   5.766  50.000   4.261  0.2655E+01  0.2653E-01 10
 29 64   5.766  50.000   4.226  0.2106E+01  0.2294E-01 10
 29 64   5.766  50.000   4.191  0.1709E+01  0.2067E-01 10
 29 64   5.766  50.000   4.156  0.1315E+01  0.1840E-01 10
 29 64   5.766  50.000   4.123  0.1044E+01  0.1681E-01 10
 29 64   5.766  50.000   4.089  0.8491E+00  0.1656E-01 10
 29 64   5.766  50.000   4.057  0.6467E+00  0.1126E-01 10
 29 64   5.766  50.000   4.024  0.4855E+00  0.1629E-01 10
 29 64   5.766  50.000   3.993  0.3899E+00  0.1325E-01 10
 29 64   5.766  50.000   3.961  0.2922E+00  0.8307E-02 10
 29 64   5.766  50.000   3.931  0.2252E+00  0.9614E-02 10
 29 64   5.766  50.000   3.900  0.1790E+00  0.6732E-02 10
 29 64   5.766  50.000   3.871  0.1370E+00  0.8407E-02 10
 29 64   5.766  50.000   3.841  0.9551E-01  0.5216E-02 10
 29 64   5.766  50.000   3.812  0.7475E-01  0.7384E-02 10
 29 64   5.766  50.000   3.784  0.5756E-01  0.3632E-02 10
 29 64   5.766  50.000   3.756  0.3917E-01  0.3185E-02 10
 29 64   5.766  50.000   3.728  0.3468E-01  0.3036E-02 10
 29 64   5.766  50.000   3.701  0.2529E-01  0.3272E-02 10
 29 64   5.766  50.000   3.674  0.1193E-01  0.3367E-02 10
 29 64   5.766  50.000   3.647  0.8624E-02  0.2994E-02 10
 29 64   5.766  50.000   3.621  0.7060E-02  0.2692E-02 10
 29 64   5.766  50.000   3.596  0.5441E-02  0.2626E-02 10
 29 64   5.766  50.000   3.570  0.1649E-02  0.2464E-02 10
 29 64   5.766  50.000   3.545  0.4391E-02  0.1656E-02 10
 29 64   5.766  50.000   3.521  0.1884E-02  0.1527E-02 10
 29 64   5.766  50.000   3.496  0.2115E-02  0.1565E-02 10
 29 64   5.766  50.000   3.472  0.1869E-02  0.6232E-03 10
 29 64   5.766  50.000   3.449  0.1680E-02  0.6350E-03 10
 29 64   5.766  50.000   3.425  0.1976E-02  0.6048E-03 10
  29  64  3.1160 74.9728  2.6266  0.4124E+02  0.9135E+00  13
  29  64  3.1160 74.9728  2.6327  0.4323E+02  0.9453E+00  13
  29  64  3.1160 74.9728  2.6389  0.4565E+02  0.9790E+00  13
  29  64  3.1160 74.9728  2.6451  0.4577E+02  0.1106E+01  13
  29  64  3.1160 74.9828  2.4911  0.1782E+02  0.5087E+00  13
  29  64  3.1160 74.9828  2.4973  0.1849E+02  0.4784E+00  13
  29  64  3.1160 74.9828  2.5035  0.2011E+02  0.5001E+00  13
  29  64  3.1160 74.9828  2.5096  0.2095E+02  0.5127E+00  13
  29  64  3.1160 74.9828  2.5158  0.2255E+02  0.5340E+00  13
  29  64  3.1160 74.9828  2.5219  0.2328E+02  0.5478E+00  13
  29  64  3.1160 74.9828  2.5281  0.2364E+02  0.5558E+00  13
  29  64  3.1160 74.9828  2.5343  0.2525E+02  0.5778E+00  13
  29  64  3.1160 74.9828  2.5404  0.2571E+02  0.5841E+00  13
  29  64  3.1160 74.9828  2.5466  0.2647E+02  0.5964E+00  13
  29  64  3.1160 74.9828  2.5527  0.2696E+02  0.6046E+00  13
  29  64  3.1160 74.9828  2.5589  0.2803E+02  0.6198E+00  13
  29  64  3.1160 74.9828  2.5651  0.2987E+02  0.6475E+00  13
  29  64  3.1160 74.9828  2.5712  0.3056E+02  0.6895E+00  13
  29  64  3.1160 74.9828  2.5774  0.3290E+02  0.7970E+00  13
  29  64  3.1160 74.9828  2.3803  0.6759E+01  0.3002E+00  13
  29  64  3.1160 74.9828  2.3864  0.7131E+01  0.2663E+00  13
  29  64  3.1160 74.9828  2.3926  0.7846E+01  0.2620E+00  13
  29  64  3.1160 74.9828  2.3987  0.8479E+01  0.2667E+00  13
  29  64  3.1160 74.9828  2.4049  0.8485E+01  0.2693E+00  13
  29  64  3.1160 74.9828  2.4111  0.9435E+01  0.2855E+00  13
  29  64  3.1160 74.9828  2.4172  0.9957E+01  0.2934E+00  13
  29  64  3.1160 74.9828  2.4234  0.1012E+02  0.2971E+00  13
  29  64  3.1160 74.9828  2.4295  0.1108E+02  0.3127E+00  13
  29  64  3.1160 74.9828  2.4357  0.1132E+02  0.3154E+00  13
  29  64  3.1160 74.9828  2.4419  0.1186E+02  0.3260E+00  13
  29  64  3.1160 74.9828  2.4480  0.1339E+02  0.3475E+00  13
  29  64  3.1160 74.9828  2.4542  0.1369E+02  0.3522E+00  13
  29  64  3.1160 74.9828  2.4603  0.1410E+02  0.3581E+00  13
  29  64  3.1160 74.9828  2.4665  0.1437E+02  0.3640E+00  13
  29  64  3.1160 74.9828  2.4727  0.1629E+02  0.3903E+00  13
  29  64  3.1160 74.9828  2.4788  0.1678E+02  0.4168E+00  13
  29  64  3.1160 74.9828  2.4850  0.1718E+02  0.4535E+00  13
  29  64  3.1160 74.9828  2.4911  0.1852E+02  0.5492E+00  13
  29  64  3.1160 74.9828  2.2756  0.2519E+01  0.1693E+00  13
  29  64  3.1160 74.9828  2.2817  0.2534E+01  0.1563E+00  13
  29  64  3.1160 74.9828  2.2879  0.2829E+01  0.1575E+00  13
  29  64  3.1160 74.9828  2.2940  0.2943E+01  0.1597E+00  13
  29  64  3.1160 74.9828  2.3002  0.3174E+01  0.1665E+00  13
  29  64  3.1160 74.9828  2.3064  0.3259E+01  0.1678E+00  13
  29  64  3.1160 74.9828  2.3125  0.3303E+01  0.1695E+00  13
  29  64  3.1160 74.9828  2.3187  0.3857E+01  0.1840E+00  13
  29  64  3.1160 74.9828  2.3248  0.4320E+01  0.1958E+00  13
  29  64  3.1160 74.9828  2.3310  0.4573E+01  0.2017E+00  13
  29  64  3.1160 74.9828  2.3372  0.4741E+01  0.2063E+00  13
  29  64  3.1160 74.9828  2.3433  0.4947E+01  0.2110E+00  13
  29  64  3.1160 74.9828  2.3495  0.5409E+01  0.2206E+00  13
  29  64  3.1160 74.9828  2.3556  0.5184E+01  0.2161E+00  13
  29  64  3.1160 74.9828  2.3618  0.6065E+01  0.2341E+00  13
  29  64  3.1160 74.9828  2.3680  0.6186E+01  0.2367E+00  13
  29  64  3.1160 74.9828  2.3741  0.6636E+01  0.2460E+00  13
  29  64  3.1160 74.9828  2.3803  0.7194E+01  0.2552E+00  13
  29  64  3.1160 74.9828  2.3864  0.7430E+01  0.2754E+00  13
  29  64  3.1160 74.9828  2.3926  0.8068E+01  0.3088E+00  13
  29  64  3.1160 74.9828  2.3987  0.8636E+01  0.3768E+00  13
  29  64  3.1160 74.9828  2.2756  0.2385E+01  0.1786E+00  13
  29  64  3.1160 74.9828  2.2817  0.2791E+01  0.1761E+00  13
  29  64  3.1160 74.9828  2.2879  0.2709E+01  0.1663E+00  13
  29  64  3.1160 74.9828  2.2940  0.2811E+01  0.1682E+00  13
  29  64  3.1160 74.9828  2.3002  0.3279E+01  0.1796E+00  13
  29  64  3.1160 74.9828  2.3064  0.3476E+01  0.1880E+00  13
  29  64  3.1160 74.9828  2.3125  0.3574E+01  0.1907E+00  13
  29  64  3.1160 74.9828  2.3187  0.4056E+01  0.2025E+00  13
  29  64  3.1160 74.9828  2.3248  0.4081E+01  0.2025E+00  13
  29  64  3.1160 74.9828  2.3310  0.4350E+01  0.2120E+00  13
  29  64  3.1160 74.9828  2.3372  0.4313E+01  0.2114E+00  13
  29  64  3.1160 74.9828  2.3433  0.5227E+01  0.2308E+00  13
  29  64  3.1160 74.9828  2.3495  0.5135E+01  0.2332E+00  13
  29  64  3.1160 74.9828  2.3556  0.5617E+01  0.2426E+00  13
  29  64  3.1160 74.9828  2.3618  0.5949E+01  0.2486E+00  13
  29  64  3.1160 74.9828  2.3680  0.6270E+01  0.2556E+00  13
  29  64  3.1160 74.9828  2.3741  0.6308E+01  0.2578E+00  13
  29  64  3.1160 74.9828  2.3803  0.7442E+01  0.2777E+00  13
  29  64  3.1160 74.9828  2.3864  0.8274E+01  0.3100E+00  13
  29  64  3.1160 74.9828  2.3926  0.7852E+01  0.3265E+00  13
  29  64  3.1160 74.9828  2.3987  0.8758E+01  0.4071E+00  13
  29  64  3.1160 74.9828  2.2756  0.2418E+01  0.1979E+00  13
  29  64  3.1160 74.9828  2.2817  0.2240E+01  0.1811E+00  13
  29  64  3.1160 74.9828  2.2879  0.2511E+01  0.1815E+00  13
  29  64  3.1160 74.9828  2.2940  0.2761E+01  0.1870E+00  13
  29  64  3.1160 74.9828  2.3002  0.3228E+01  0.2020E+00  13
  29  64  3.1160 74.9828  2.3064  0.3567E+01  0.2071E+00  13
  29  64  3.1160 74.9828  2.3125  0.3156E+01  0.1996E+00  13
  29  64  3.1160 74.9828  2.3187  0.4160E+01  0.2276E+00  13
  29  64  3.1160 74.9828  2.3248  0.3786E+01  0.2229E+00  13
  29  64  3.1160 74.9828  2.3310  0.4389E+01  0.2358E+00  13
  29  64  3.1160 74.9828  2.3372  0.4790E+01  0.2467E+00  13
  29  64  3.1160 74.9828  2.3433  0.4685E+01  0.2463E+00  13
  29  64  3.1160 74.9828  2.3495  0.4851E+01  0.2523E+00  13
  29  64  3.1160 74.9828  2.3556  0.6168E+01  0.2804E+00  13
  29  64  3.1160 74.9828  2.3618  0.6212E+01  0.2814E+00  13
  29  64  3.1160 74.9828  2.3680  0.6453E+01  0.2871E+00  13
  29  64  3.1160 74.9828  2.3741  0.6843E+01  0.2965E+00  13
  29  64  3.1160 74.9828  2.3803  0.7330E+01  0.3042E+00  13
  29  64  3.1160 74.9828  2.3864  0.7438E+01  0.3280E+00  13
  29  64  3.1160 74.9828  2.3926  0.8541E+01  0.3801E+00  13
  29  64  3.1160 74.9828  2.3987  0.8548E+01  0.4458E+00  13
  29  64  3.1160 74.9828  2.2756  0.2567E+01  0.2564E+00  13
  29  64  3.1160 74.9828  2.2817  0.2505E+01  0.2333E+00  13
  29  64  3.1160 74.9828  2.2879  0.2768E+01  0.2332E+00  13
  29  64  3.1160 74.9828  2.2940  0.3014E+01  0.2440E+00  13
  29  64  3.1160 74.9828  2.3002  0.3249E+01  0.2555E+00  13
  29  64  3.1160 74.9828  2.3064  0.3842E+01  0.2685E+00  13
  29  64  3.1160 74.9828  2.3125  0.3751E+01  0.2693E+00  13
  29  64  3.1160 74.9828  2.3187  0.4433E+01  0.2935E+00  13
  29  64  3.1160 74.9828  2.3248  0.4251E+01  0.2856E+00  13
  29  64  3.1160 74.9828  2.3310  0.4454E+01  0.2958E+00  13
  29  64  3.1160 74.9828  2.3372  0.5480E+01  0.3243E+00  13
  29  64  3.1160 74.9828  2.3433  0.4973E+01  0.3099E+00  13
  29  64  3.1160 74.9828  2.3495  0.4770E+01  0.3096E+00  13
  29  64  3.1160 74.9828  2.3556  0.6372E+01  0.3549E+00  13
  29  64  3.1160 74.9828  2.3618  0.5407E+01  0.3350E+00  13
  29  64  3.1160 74.9828  2.3680  0.6393E+01  0.3584E+00  13
  29  64  3.1160 74.9828  2.3741  0.6670E+01  0.3641E+00  13
  29  64  3.1160 74.9828  2.3803  0.7207E+01  0.3802E+00  13
  29  64  3.1160 74.9828  2.3864  0.7452E+01  0.4068E+00  13
  29  64  3.1160 74.9828  2.3926  0.7887E+01  0.4546E+00  13
  29  64  3.1160 74.9828  2.3987  0.8301E+01  0.5541E+00  13
  29  64  3.2690 57.9828  2.0353  0.2948E+01  0.1506E+00  13
  29  64  3.2690 57.9828  2.0434  0.3442E+01  0.1498E+00  13
  29  64  3.2690 57.9828  2.0514  0.3389E+01  0.1443E+00  13
  29  64  3.2690 57.9828  2.0595  0.3551E+01  0.1410E+00  13
  29  64  3.2690 57.9828  2.0676  0.4152E+01  0.1534E+00  13
  29  64  3.2690 57.9828  2.0757  0.4205E+01  0.1540E+00  13
  29  64  3.2690 57.9828  2.0838  0.4595E+01  0.1597E+00  13
  29  64  3.2690 57.9828  2.0919  0.5076E+01  0.1708E+00  13
  29  64  3.2690 57.9828  2.0999  0.5456E+01  0.1775E+00  13
  29  64  3.2690 57.9828  2.1080  0.5884E+01  0.1862E+00  13
  29  64  3.2690 57.9828  2.1161  0.6103E+01  0.1891E+00  13
  29  64  3.2690 57.9828  2.1242  0.6474E+01  0.1947E+00  13
  29  64  3.2690 57.9828  2.1323  0.7191E+01  0.2069E+00  13
  29  64  3.2690 57.9828  2.1404  0.7205E+01  0.2064E+00  13
  29  64  3.2690 57.9828  2.1485  0.7863E+01  0.2178E+00  13
  29  64  3.2690 57.9828  2.1565  0.8058E+01  0.2198E+00  13
  29  64  3.2690 57.9828  2.1646  0.8921E+01  0.2314E+00  13
  29  64  3.2690 57.9828  2.1727  0.8894E+01  0.2317E+00  13
  29  64  3.2690 57.9828  2.1808  0.9868E+01  0.2460E+00  13
  29  64  3.2690 57.9828  2.1889  0.1047E+02  0.2621E+00  13
  29  64  3.2690 57.9828  2.1970  0.1168E+02  0.2963E+00  13
  29  64  3.2690 57.9828  2.2050  0.1263E+02  0.3355E+00  13
  29  64  3.2690 57.9828  2.2131  0.1323E+02  0.3833E+00  13
  29  64  3.2690 57.9828  2.0353  0.3061E+01  0.1556E+00  13
  29  64  3.2690 57.9828  2.0434  0.3278E+01  0.1478E+00  13
  29  64  3.2690 57.9828  2.0514  0.3674E+01  0.1517E+00  13
  29  64  3.2690 57.9828  2.0595  0.3614E+01  0.1460E+00  13
  29  64  3.2690 57.9828  2.0676  0.4395E+01  0.1587E+00  13
  29  64  3.2690 57.9828  2.0757  0.4332E+01  0.1578E+00  13
  29  64  3.2690 57.9828  2.0838  0.4754E+01  0.1660E+00  13
  29  64  3.2690 57.9828  2.0919  0.5110E+01  0.1727E+00  13
  29  64  3.2690 57.9828  2.0999  0.5349E+01  0.1769E+00  13
  29  64  3.2690 57.9828  2.1080  0.5620E+01  0.1829E+00  13
  29  64  3.2690 57.9828  2.1161  0.6197E+01  0.1920E+00  13
  29  64  3.2690 57.9828  2.1242  0.6512E+01  0.1977E+00  13
  29  64  3.2690 57.9828  2.1323  0.6622E+01  0.1984E+00  13
  29  64  3.2690 57.9828  2.1404  0.7501E+01  0.2124E+00  13
  29  64  3.2690 57.9828  2.1485  0.7722E+01  0.2161E+00  13
  29  64  3.2690 57.9828  2.1565  0.8111E+01  0.2226E+00  13
  29  64  3.2690 57.9828  2.1646  0.8903E+01  0.2337E+00  13
  29  64  3.2690 57.9828  2.1727  0.9406E+01  0.2413E+00  13
  29  64  3.2690 57.9828  2.1808  0.1021E+02  0.2530E+00  13
  29  64  3.2690 57.9828  2.1889  0.1091E+02  0.2706E+00  13
  29  64  3.2690 57.9828  2.1970  0.1146E+02  0.2959E+00  13
  29  64  3.2690 57.9828  2.2050  0.1232E+02  0.3340E+00  13
  29  64  3.2690 57.9828  2.2131  0.1259E+02  0.3767E+00  13
  29  64  3.2690 57.9828  2.2293  0.1384E+02  0.4336E+00  13
  29  64  3.2690 57.9828  2.2374  0.1395E+02  0.3969E+00  13
  29  64  3.2690 57.9828  2.2455  0.1580E+02  0.3981E+00  13
  29  64  3.2690 57.9828  2.2535  0.1666E+02  0.3941E+00  13
  29  64  3.2690 57.9828  2.2616  0.1698E+02  0.3998E+00  13
  29  64  3.2690 57.9828  2.2697  0.1866E+02  0.4199E+00  13
  29  64  3.2690 57.9828  2.2778  0.1993E+02  0.4369E+00  13
  29  64  3.2690 57.9828  2.2859  0.1996E+02  0.4402E+00  13
  29  64  3.2690 57.9828  2.2940  0.2115E+02  0.4553E+00  13
  29  64  3.2690 57.9828  2.3020  0.2245E+02  0.4715E+00  13
  29  64  3.2690 57.9828  2.3101  0.2386E+02  0.4891E+00  13
  29  64  3.2690 57.9828  2.3182  0.2529E+02  0.5056E+00  13
  29  64  3.2690 57.9828  2.3263  0.2650E+02  0.5207E+00  13
  29  64  3.2690 57.9828  2.3344  0.2818E+02  0.5401E+00  13
  29  64  3.2690 57.9828  2.3425  0.2885E+02  0.5477E+00  13
  29  64  3.2690 57.9828  2.3505  0.2954E+02  0.5538E+00  13
  29  64  3.2690 57.9828  2.3586  0.3209E+02  0.5840E+00  13
  29  64  3.2690 57.9828  2.3667  0.3440E+02  0.6591E+00  13
  29  64  3.2690 57.9828  2.3748  0.3582E+02  0.7247E+00  13
  29  64  3.2690 57.9828  2.3829  0.3715E+02  0.8708E+00  13
  29  64  3.2690 42.9828  2.2378  0.2313E+03  0.4874E+01  13
  29  64  3.2690 42.9828  2.2489  0.2296E+03  0.4562E+01  13
  29  64  3.2690 42.9828  2.2599  0.2407E+03  0.4513E+01  13
  29  64  3.2690 42.9828  2.2709  0.2443E+03  0.4569E+01  13
  29  64  3.2690 42.9828  2.2819  0.2481E+03  0.4623E+01  13
  29  64  3.2690 42.9828  2.2929  0.2588E+03  0.4754E+01  13
  29  64  3.2690 42.9828  2.3039  0.2684E+03  0.4871E+01  13
  29  64  3.2690 42.9828  2.3149  0.2787E+03  0.5001E+01  13
  29  64  3.2690 42.9828  2.3260  0.2802E+03  0.5007E+01  13
  29  64  3.2690 42.9828  2.3370  0.2798E+03  0.5000E+01  13
  29  64  3.2690 42.9828  2.3480  0.2873E+03  0.5080E+01  13
  29  64  3.2690 42.9828  2.3590  0.2924E+03  0.5470E+01  13
  29  64  3.2690 42.9828  2.3700  0.3040E+03  0.5976E+01  13
  29  64  3.2690 42.9828  2.3810  0.3127E+03  0.6644E+01  13
  29  64  3.2690 42.9828  2.4031  0.3156E+03  0.5813E+01  13
  29  64  3.2690 42.9828  2.4141  0.3199E+03  0.5472E+01  13
  29  64  3.2690 42.9828  2.4251  0.3288E+03  0.5500E+01  13
  29  64  3.2690 42.9828  2.4361  0.3381E+03  0.5606E+01  13
  29  64  3.2690 42.9828  2.4471  0.3359E+03  0.5579E+01  13
  29  64  3.2690 42.9828  2.4581  0.3457E+03  0.5699E+01  13
  29  64  3.2690 42.9828  2.4691  0.3503E+03  0.5752E+01  13
  29  64  3.2690 42.9828  2.4802  0.3587E+03  0.5852E+01  13
  29  64  3.2690 42.9828  2.4912  0.3682E+03  0.5950E+01  13
  29  64  3.2690 42.9828  2.5022  0.3689E+03  0.5959E+01  13
  29  64  3.2690 42.9828  2.5132  0.3898E+03  0.6727E+01  13
  29  64  3.2690 42.9828  2.5242  0.3957E+03  0.8000E+01  13
  29  64  3.2690 57.9828  2.3990  0.3923E+02  0.9739E+00  13
  29  64  3.2690 57.9828  2.4071  0.3987E+02  0.9091E+00  13
  29  64  3.2690 57.9828  2.4152  0.4142E+02  0.9028E+00  13
  29  64  3.2690 57.9828  2.4233  0.4538E+02  0.9191E+00  13
  29  64  3.2690 57.9828  2.4314  0.4656E+02  0.9284E+00  13
  29  64  3.2690 57.9828  2.4395  0.4955E+02  0.9719E+00  13
  29  64  3.2690 57.9828  2.4475  0.4917E+02  0.9661E+00  13
  29  64  3.2690 57.9828  2.4556  0.5173E+02  0.9974E+00  13
  29  64  3.2690 57.9828  2.4637  0.5290E+02  0.1011E+01  13
  29  64  3.2690 57.9828  2.4718  0.5538E+02  0.1037E+01  13
  29  64  3.2690 57.9828  2.4799  0.5670E+02  0.1050E+01  13
  29  64  3.2690 57.9828  2.4880  0.5858E+02  0.1072E+01  13
  29  64  3.2690 57.9828  2.4960  0.6188E+02  0.1109E+01  13
  29  64  3.2690 57.9828  2.5041  0.6515E+02  0.1147E+01  13
  29  64  3.2690 57.9828  2.5122  0.6853E+02  0.1277E+01  13
  29  64  3.2690 57.9828  2.5203  0.7158E+02  0.1476E+01  13
  29  64  3.2690 57.9828  2.5365  0.7343E+02  0.1583E+01  13
  29  64  3.2690 57.9828  2.5445  0.7567E+02  0.1493E+01  13
  29  64  3.2690 57.9828  2.5526  0.7846E+02  0.1439E+01  13
  29  64  3.2690 57.9828  2.5607  0.8303E+02  0.1488E+01  13
  29  64  3.2690 57.9828  2.5688  0.8448E+02  0.1507E+01  13
  29  64  3.2690 57.9828  2.5769  0.8692E+02  0.1536E+01  13
  29  64  3.2690 57.9828  2.5850  0.8685E+02  0.1536E+01  13
  29  64  3.2690 57.9828  2.5931  0.9073E+02  0.1579E+01  13
  29  64  3.2690 57.9828  2.6011  0.9206E+02  0.1597E+01  13
  29  64  3.2690 57.9828  2.6092  0.9682E+02  0.1648E+01  13
  29  64  3.2690 57.9828  2.6173  0.9961E+02  0.1676E+01  13
  29  64  3.2690 57.9828  2.6254  0.1059E+03  0.1745E+01  13
  29  64  3.2690 57.9828  2.6335  0.1032E+03  0.1850E+01  13
  29  64  3.2690 57.9828  2.6416  0.1089E+03  0.2262E+01  13
  29  64  3.2690 74.9828  2.5332  0.6248E+01  0.2596E+00  13
  29  64  3.2690 74.9828  2.5392  0.6609E+01  0.2303E+00  13
  29  64  3.2690 74.9828  2.5451  0.7086E+01  0.2262E+00  13
  29  64  3.2690 74.9828  2.5511  0.7713E+01  0.2294E+00  13
  29  64  3.2690 74.9828  2.5570  0.8441E+01  0.2402E+00  13
  29  64  3.2690 74.9828  2.5630  0.8346E+01  0.2392E+00  13
  29  64  3.2690 74.9828  2.5689  0.9239E+01  0.2519E+00  13
  29  64  3.2690 74.9828  2.5749  0.9338E+01  0.2557E+00  13
  29  64  3.2690 74.9828  2.5808  0.9693E+01  0.2629E+00  13
  29  64  3.2690 74.9828  2.5868  0.1029E+02  0.2721E+00  13
  29  64  3.2690 74.9828  2.5927  0.1094E+02  0.2810E+00  13
  29  64  3.2690 74.9828  2.5987  0.1106E+02  0.2826E+00  13
  29  64  3.2690 74.9828  2.6046  0.1189E+02  0.2935E+00  13
  29  64  3.2690 74.9828  2.6106  0.1206E+02  0.2970E+00  13
  29  64  3.2690 74.9828  2.6166  0.1322E+02  0.3121E+00  13
  29  64  3.2690 74.9828  2.6225  0.1389E+02  0.3213E+00  13
  29  64  3.2690 74.9828  2.6285  0.1475E+02  0.3354E+00  13
  29  64  3.2690 74.9828  2.6344  0.1594E+02  0.3680E+00  13
  29  64  3.2690 74.9828  2.6404  0.1663E+02  0.4179E+00  13
  29  64  3.2690 74.9828  2.6523  0.1786E+02  0.5686E+00  13
  29  64  3.2690 74.9828  2.6582  0.1741E+02  0.4995E+00  13
  29  64  3.2690 74.9828  2.6642  0.1860E+02  0.4959E+00  13
  29  64  3.2690 74.9828  2.6701  0.2035E+02  0.5170E+00  13
  29  64  3.2690 74.9828  2.6761  0.2071E+02  0.5223E+00  13
  29  64  3.2690 74.9828  2.6820  0.2246E+02  0.5462E+00  13
  29  64  3.2690 74.9828  2.6880  0.2280E+02  0.5530E+00  13
  29  64  3.2690 74.9828  2.6939  0.2398E+02  0.5717E+00  13
  29  64  3.2690 74.9828  2.6999  0.2363E+02  0.5716E+00  13
  29  64  3.2690 74.9828  2.7058  0.2566E+02  0.5978E+00  13
  29  64  3.2690 74.9828  2.7118  0.2527E+02  0.5952E+00  13
  29  64  3.2690 74.9828  2.7177  0.2780E+02  0.6268E+00  13
  29  64  3.2690 74.9828  2.7237  0.2924E+02  0.6448E+00  13
  29  64  3.2690 74.9828  2.7296  0.3058E+02  0.6657E+00  13
  29  64  3.2690 74.9828  2.7356  0.3184E+02  0.7176E+00  13
  29  64  3.2690 74.9828  2.7415  0.3312E+02  0.8151E+00  13
  29  64  3.2690 74.9828  2.7534  0.3233E+02  0.1003E+01  13
  29  64  3.2690 74.9828  2.7594  0.3594E+02  0.9507E+00  13
  29  64  3.2690 74.9828  2.7653  0.3716E+02  0.9541E+00  13
  29  64  3.2690 74.9828  2.7713  0.3704E+02  0.9597E+00  13
  29  64  3.2690 74.9828  2.7773  0.3978E+02  0.1001E+01  13
  29  64  3.2690 74.9828  2.7832  0.4075E+02  0.1019E+01  13
  29  64  3.2690 74.9828  2.7892  0.4134E+02  0.1038E+01  13
  29  64  3.2690 74.9828  2.7951  0.4137E+02  0.1042E+01  13
  29  64  3.2690 74.9828  2.8011  0.4237E+02  0.1062E+01  13
  29  64  3.2690 74.9828  2.8070  0.4451E+02  0.1096E+01  13
  29  64  3.2690 74.9828  2.8130  0.4520E+02  0.1113E+01  13
  29  64  3.2690 74.9828  2.8189  0.4837E+02  0.1160E+01  13
  29  64  3.2690 74.9828  2.8249  0.5135E+02  0.1405E+01  13
  29  64  3.2690 74.9828  2.4380  0.2492E+01  0.1639E+00  13
  29  64  3.2690 74.9828  2.4439  0.2539E+01  0.1446E+00  13
  29  64  3.2690 74.9828  2.4499  0.2639E+01  0.1429E+00  13
  29  64  3.2690 74.9828  2.4558  0.3008E+01  0.1480E+00  13
  29  64  3.2690 74.9828  2.4618  0.3214E+01  0.1510E+00  13
  29  64  3.2690 74.9828  2.4678  0.3292E+01  0.1533E+00  13
  29  64  3.2690 74.9828  2.4737  0.3677E+01  0.1630E+00  13
  29  64  3.2690 74.9828  2.4797  0.3665E+01  0.1637E+00  13
  29  64  3.2690 74.9828  2.4856  0.4294E+01  0.1764E+00  13
  29  64  3.2690 74.9828  2.4916  0.4463E+01  0.1802E+00  13
  29  64  3.2690 74.9828  2.4975  0.4392E+01  0.1796E+00  13
  29  64  3.2690 74.9828  2.5035  0.4797E+01  0.1883E+00  13
  29  64  3.2690 74.9828  2.5094  0.5530E+01  0.2023E+00  13
  29  64  3.2690 74.9828  2.5154  0.5716E+01  0.2061E+00  13
  29  64  3.2690 74.9828  2.5213  0.5726E+01  0.2055E+00  13
  29  64  3.2690 74.9828  2.5273  0.6099E+01  0.2119E+00  13
  29  64  3.2690 74.9828  2.5332  0.6612E+01  0.2218E+00  13
  29  64  3.2690 74.9828  2.5392  0.6983E+01  0.2299E+00  13
  29  64  3.2690 74.9828  2.5451  0.7645E+01  0.2399E+00  13
  29  64  3.2690 74.9828  2.5511  0.7475E+01  0.2600E+00  13
  29  64  3.2690 74.9828  2.5570  0.8273E+01  0.3143E+00  13
  29  64  3.2690 74.9828  2.4380  0.2194E+01  0.1479E+00  13
  29  64  3.2690 74.9828  2.4439  0.2266E+01  0.1330E+00  13
  29  64  3.2690 74.9828  2.4499  0.2809E+01  0.1436E+00  13
  29  64  3.2690 74.9828  2.4558  0.2825E+01  0.1415E+00  13
  29  64  3.2690 74.9828  2.4618  0.3209E+01  0.1496E+00  13
  29  64  3.2690 74.9828  2.4678  0.3009E+01  0.1449E+00  13
  29  64  3.2690 74.9828  2.4737  0.3359E+01  0.1531E+00  13
  29  64  3.2690 74.9828  2.4797  0.3755E+01  0.1617E+00  13
  29  64  3.2690 74.9828  2.4856  0.4118E+01  0.1721E+00  13
  29  64  3.2690 74.9828  2.4916  0.4469E+01  0.1776E+00  13
  29  64  3.2690 74.9828  2.4975  0.4294E+01  0.1745E+00  13
  29  64  3.2690 74.9828  2.5035  0.4944E+01  0.1888E+00  13
  29  64  3.2690 74.9828  2.5094  0.5438E+01  0.1979E+00  13
  29  64  3.2690 74.9828  2.5154  0.5310E+01  0.1964E+00  13
  29  64  3.2690 74.9828  2.5213  0.6003E+01  0.2084E+00  13
  29  64  3.2690 74.9828  2.5273  0.5956E+01  0.2096E+00  13
  29  64  3.2690 74.9828  2.5332  0.6333E+01  0.2156E+00  13
  29  64  3.2690 74.9828  2.5392  0.6824E+01  0.2229E+00  13
  29  64  3.2690 74.9828  2.5451  0.7663E+01  0.2370E+00  13
  29  64  3.2690 74.9828  2.5511  0.7476E+01  0.2571E+00  13
  29  64  3.2690 74.9828  2.5570  0.8554E+01  0.3134E+00  13
  29  64  3.2690 74.9828  2.4380  0.2416E+01  0.2757E+00  13
  29  64  3.2690 74.9828  2.4439  0.2779E+01  0.2744E+00  13
  29  64  3.2690 74.9828  2.4499  0.2626E+01  0.2507E+00  13
  29  64  3.2690 74.9828  2.4558  0.2926E+01  0.2497E+00  13
  29  64  3.2690 74.9828  2.4618  0.3129E+01  0.2648E+00  13
  29  64  3.2690 74.9828  2.4678  0.3716E+01  0.2790E+00  13
  29  64  3.2690 74.9828  2.4737  0.3531E+01  0.2778E+00  13
  29  64  3.2690 74.9828  2.4797  0.3736E+01  0.2818E+00  13
  29  64  3.2690 74.9828  2.4856  0.4207E+01  0.3016E+00  13
  29  64  3.2690 74.9828  2.4916  0.4249E+01  0.3006E+00  13
  29  64  3.2690 74.9828  2.4975  0.5557E+01  0.3430E+00  13
  29  64  3.2690 74.9828  2.5035  0.4550E+01  0.3185E+00  13
  29  64  3.2690 74.9828  2.5094  0.4726E+01  0.3239E+00  13
  29  64  3.2690 74.9828  2.5154  0.5296E+01  0.3378E+00  13
  29  64  3.2690 74.9828  2.5213  0.5822E+01  0.3590E+00  13
  29  64  3.2690 74.9828  2.5273  0.6513E+01  0.3742E+00  13
  29  64  3.2690 74.9828  2.5332  0.6183E+01  0.3688E+00  13
  29  64  3.2690 74.9828  2.5392  0.6442E+01  0.3746E+00  13
  29  64  3.2690 74.9828  2.5451  0.7178E+01  0.3956E+00  13
  29  64  3.2690 74.9828  2.5511  0.7849E+01  0.4530E+00  13
  29  64  3.2690 74.9828  2.5570  0.9401E+01  0.5671E+00  13
  29  64  3.2690 74.9828  2.4380  0.2456E+01  0.3027E+00  13
  29  64  3.2690 74.9828  2.4439  0.2654E+01  0.2783E+00  13
  29  64  3.2690 74.9828  2.4499  0.2417E+01  0.2542E+00  13
  29  64  3.2690 74.9828  2.4558  0.2849E+01  0.2694E+00  13
  29  64  3.2690 74.9828  2.4618  0.3526E+01  0.2948E+00  13
  29  64  3.2690 74.9828  2.4678  0.3662E+01  0.2988E+00  13
  29  64  3.2690 74.9828  2.4737  0.3591E+01  0.3057E+00  13
  29  64  3.2690 74.9828  2.4797  0.4059E+01  0.3194E+00  13
  29  64  3.2690 74.9828  2.4856  0.3999E+01  0.3221E+00  13
  29  64  3.2690 74.9828  2.4916  0.4477E+01  0.3353E+00  13
  29  64  3.2690 74.9828  2.4975  0.4721E+01  0.3508E+00  13
  29  64  3.2690 74.9828  2.5035  0.5054E+01  0.3561E+00  13
  29  64  3.2690 74.9828  2.5094  0.5271E+01  0.3593E+00  13
  29  64  3.2690 74.9828  2.5154  0.5010E+01  0.3553E+00  13
  29  64  3.2690 74.9828  2.5213  0.5728E+01  0.3813E+00  13
  29  64  3.2690 74.9828  2.5273  0.5864E+01  0.3889E+00  13
  29  64  3.2690 74.9828  2.5332  0.6462E+01  0.4031E+00  13
  29  64  3.2690 74.9828  2.5392  0.7408E+01  0.4306E+00  13
  29  64  3.2690 74.9828  2.5451  0.7467E+01  0.4398E+00  13
  29  64  3.2690 74.9828  2.5511  0.8574E+01  0.5134E+00  13
  29  64  3.2690 74.9828  2.5570  0.8976E+01  0.6089E+00  13
  29  64  4.0740 59.9828  3.2645  0.2334E+02  0.7349E+00  13
  29  64  4.0740 59.9828  3.2712  0.2555E+02  0.7002E+00  13
  29  64  4.0740 59.9828  3.2779  0.2690E+02  0.6709E+00  13
  29  64  4.0740 59.9828  3.2846  0.2584E+02  0.6306E+00  13
  29  64  4.0740 59.9828  3.2914  0.2786E+02  0.6587E+00  13
  29  64  4.0740 59.9828  3.2981  0.3023E+02  0.6891E+00  13
  29  64  4.0740 59.9828  3.3048  0.3000E+02  0.6884E+00  13
  29  64  4.0740 59.9828  3.3115  0.2998E+02  0.6914E+00  13
  29  64  4.0740 59.9828  3.3183  0.3124E+02  0.7094E+00  13
  29  64  4.0740 59.9828  3.3250  0.3290E+02  0.7306E+00  13
  29  64  4.0740 59.9828  3.3317  0.3341E+02  0.7370E+00  13
  29  64  4.0740 59.9828  3.3384  0.3430E+02  0.7476E+00  13
  29  64  4.0740 59.9828  3.3452  0.3528E+02  0.7607E+00  13
  29  64  4.0740 59.9828  3.3519  0.3561E+02  0.7666E+00  13
  29  64  4.0740 59.9828  3.3586  0.3715E+02  0.7853E+00  13
  29  64  4.0740 59.9828  3.3653  0.3770E+02  0.8359E+00  13
  29  64  4.0740 59.9828  3.3721  0.3962E+02  0.9218E+00  13
  29  64  4.0740 59.9828  3.3788  0.4202E+02  0.1043E+01  13
  29  64  4.0740 59.9828  3.1434  0.1249E+02  0.4321E+00  13
  29  64  4.0740 59.9828  3.1502  0.1285E+02  0.3974E+00  13
  29  64  4.0740 59.9828  3.1569  0.1412E+02  0.3886E+00  13
  29  64  4.0740 59.9828  3.1636  0.1393E+02  0.3763E+00  13
  29  64  4.0740 59.9828  3.1703  0.1529E+02  0.3896E+00  13
  29  64  4.0740 59.9828  3.1771  0.1554E+02  0.3933E+00  13
  29  64  4.0740 59.9828  3.1838  0.1584E+02  0.3983E+00  13
  29  64  4.0740 59.9828  3.1905  0.1688E+02  0.4135E+00  13
  29  64  4.0740 59.9828  3.1972  0.1644E+02  0.4075E+00  13
  29  64  4.0740 59.9828  3.2040  0.1751E+02  0.4234E+00  13
  29  64  4.0740 59.9828  3.2107  0.1834E+02  0.4333E+00  13
  29  64  4.0740 59.9828  3.2174  0.1955E+02  0.4504E+00  13
  29  64  4.0740 59.9828  3.2241  0.1972E+02  0.4531E+00  13
  29  64  4.0740 59.9828  3.2309  0.2079E+02  0.4661E+00  13
  29  64  4.0740 59.9828  3.2376  0.2123E+02  0.4720E+00  13
  29  64  4.0740 59.9828  3.2443  0.2255E+02  0.4882E+00  13
  29  64  4.0740 59.9828  3.2510  0.2314E+02  0.4970E+00  13
  29  64  4.0740 59.9828  3.2578  0.2371E+02  0.5201E+00  13
  29  64  4.0740 59.9828  3.2645  0.2382E+02  0.5514E+00  13
  29  64  4.0740 59.9828  3.2712  0.2597E+02  0.6266E+00  13
  29  64  4.0740 59.9828  3.2779  0.2760E+02  0.7211E+00  13
  29  64  4.0740 59.9828  3.1434  0.1225E+02  0.1038E+01  13
  29  64  4.0740 59.9828  3.1502  0.1214E+02  0.9394E+00  13
  29  64  4.0740 59.9828  3.1569  0.1246E+02  0.8658E+00  13
  29  64  4.0740 59.9828  3.1636  0.1522E+02  0.9258E+00  13
  29  64  4.0740 59.9828  3.1703  0.1366E+02  0.8603E+00  13
  29  64  4.0740 59.9828  3.1771  0.1507E+02  0.9098E+00  13
  29  64  4.0740 59.9828  3.1838  0.1538E+02  0.9262E+00  13
  29  64  4.0740 59.9828  3.1905  0.1704E+02  0.9696E+00  13
  29  64  4.0740 59.9828  3.1972  0.1675E+02  0.9487E+00  13
  29  64  4.0740 59.9828  3.2040  0.1776E+02  0.9887E+00  13
  29  64  4.0740 59.9828  3.2107  0.1907E+02  0.1026E+01  13
  29  64  4.0740 59.9828  3.2174  0.1994E+02  0.1045E+01  13
  29  64  4.0740 59.9828  3.2241  0.2036E+02  0.1051E+01  13
  29  64  4.0740 59.9828  3.2309  0.2165E+02  0.1096E+01  13
  29  64  4.0740 59.9828  3.2376  0.2173E+02  0.1089E+01  13
  29  64  4.0740 59.9828  3.2443  0.2045E+02  0.1063E+01  13
  29  64  4.0740 59.9828  3.2510  0.2277E+02  0.1123E+01  13
  29  64  4.0740 59.9828  3.2578  0.2188E+02  0.1142E+01  13
  29  64  4.0740 59.9828  3.2645  0.2439E+02  0.1283E+01  13
  29  64  4.0740 59.9828  3.2712  0.2536E+02  0.1443E+01  13
  29  64  4.0740 59.9828  3.2779  0.2968E+02  0.1746E+01  13
  29  64  4.0740 59.9828  3.0022  0.4816E+01  0.1839E+00  13
  29  64  4.0740 59.9828  3.0089  0.5032E+01  0.1788E+00  13
  29  64  4.0740 59.9828  3.0157  0.5270E+01  0.1682E+00  13
  29  64  4.0740 59.9828  3.0224  0.5668E+01  0.1662E+00  13
  29  64  4.0740 59.9828  3.0291  0.6036E+01  0.1686E+00  13
  29  64  4.0740 59.9828  3.0358  0.5995E+01  0.1667E+00  13
  29  64  4.0740 59.9828  3.0426  0.6286E+01  0.1712E+00  13
  29  64  4.0740 59.9828  3.0493  0.6824E+01  0.1798E+00  13
  29  64  4.0740 59.9828  3.0560  0.7257E+01  0.1870E+00  13
  29  64  4.0740 59.9828  3.0627  0.7319E+01  0.1880E+00  13
  29  64  4.0740 59.9828  3.0695  0.7886E+01  0.1959E+00  13
  29  64  4.0740 59.9828  3.0762  0.8243E+01  0.2019E+00  13
  29  64  4.0740 59.9828  3.0829  0.8592E+01  0.2061E+00  13
  29  64  4.0740 59.9828  3.0896  0.9205E+01  0.2147E+00  13
  29  64  4.0740 59.9828  3.0964  0.9357E+01  0.2170E+00  13
  29  64  4.0740 59.9828  3.1031  0.9790E+01  0.2230E+00  13
  29  64  4.0740 59.9828  3.1098  0.1008E+02  0.2256E+00  13
  29  64  4.0740 59.9828  3.1165  0.1076E+02  0.2338E+00  13
  29  64  4.0740 59.9828  3.1233  0.1105E+02  0.2388E+00  13
  29  64  4.0740 59.9828  3.1300  0.1190E+02  0.2486E+00  13
  29  64  4.0740 59.9828  3.1367  0.1190E+02  0.2624E+00  13
  29  64  4.0740 59.9828  3.1434  0.1280E+02  0.2823E+00  13
  29  64  4.0740 59.9828  3.1502  0.1368E+02  0.3169E+00  13
  29  64  4.0740 59.9828  3.1569  0.1405E+02  0.3557E+00  13
  29  64  4.0740 59.9828  3.1636  0.1436E+02  0.4190E+00  13
  29  64  4.0740 49.9828  3.0092  0.4010E+02  0.9093E+00  13
  29  64  4.0740 49.9828  3.0175  0.4338E+02  0.8788E+00  13
  29  64  4.0740 49.9828  3.0259  0.4330E+02  0.8491E+00  13
  29  64  4.0740 49.9828  3.0343  0.4422E+02  0.8213E+00  13
  29  64  4.0740 49.9828  3.0426  0.4535E+02  0.8374E+00  13
  29  64  4.0740 49.9828  3.0510  0.4676E+02  0.8545E+00  13
  29  64  4.0740 49.9828  3.0593  0.4796E+02  0.8662E+00  13
  29  64  4.0740 49.9828  3.0677  0.5024E+02  0.8945E+00  13
  29  64  4.0740 49.9828  3.0761  0.5215E+02  0.9122E+00  13
  29  64  4.0740 49.9828  3.0844  0.5320E+02  0.9218E+00  13
  29  64  4.0740 49.9828  3.0928  0.5601E+02  0.9572E+00  13
  29  64  4.0740 49.9828  3.1011  0.5546E+02  0.9497E+00  13
  29  64  4.0740 49.9828  3.1095  0.5723E+02  0.9653E+00  13
  29  64  4.0740 49.9828  3.1179  0.5950E+02  0.9879E+00  13
  29  64  4.0740 49.9828  3.1262  0.6061E+02  0.9996E+00  13
  29  64  4.0740 49.9828  3.1346  0.6136E+02  0.1052E+01  13
  29  64  4.0740 49.9828  3.1429  0.6444E+02  0.1151E+01  13
  29  64  4.0740 49.9828  3.1513  0.6792E+02  0.1289E+01  13
  29  64  4.0740 49.9828  3.1596  0.6688E+02  0.1434E+01  13
  29  64  4.0740 49.9828  2.8420  0.1865E+02  0.6146E+00  13
  29  64  4.0740 49.9828  2.8504  0.2026E+02  0.6074E+00  13
  29  64  4.0740 49.9828  2.8587  0.2166E+02  0.5778E+00  13
  29  64  4.0740 49.9828  2.8671  0.2163E+02  0.5588E+00  13
  29  64  4.0740 49.9828  2.8754  0.2240E+02  0.5529E+00  13
  29  64  4.0740 49.9828  2.8838  0.2435E+02  0.5665E+00  13
  29  64  4.0740 49.9828  2.8922  0.2387E+02  0.5600E+00  13
  29  64  4.0740 49.9828  2.9005  0.2671E+02  0.6012E+00  13
  29  64  4.0740 49.9828  2.9089  0.2629E+02  0.5919E+00  13
  29  64  4.0740 49.9828  2.9172  0.2764E+02  0.6107E+00  13
  29  64  4.0740 49.9828  2.9256  0.2865E+02  0.6252E+00  13
  29  64  4.0740 49.9828  2.9340  0.2978E+02  0.6389E+00  13
  29  64  4.0740 49.9828  2.9423  0.3109E+02  0.6528E+00  13
  29  64  4.0740 49.9828  2.9507  0.3315E+02  0.6791E+00  13
  29  64  4.0740 49.9828  2.9590  0.3179E+02  0.6624E+00  13
  29  64  4.0740 49.9828  2.9674  0.3467E+02  0.6948E+00  13
  29  64  4.0740 49.9828  2.9757  0.3546E+02  0.7020E+00  13
  29  64  4.0740 49.9828  2.9841  0.3682E+02  0.7163E+00  13
  29  64  4.0740 49.9828  2.9925  0.3812E+02  0.7711E+00  13
  29  64  4.0740 49.9828  3.0008  0.3794E+02  0.7899E+00  13
  29  64  4.0740 49.9828  3.0092  0.4150E+02  0.8979E+00  13
  29  64  4.0740 49.9828  3.0175  0.4347E+02  0.1022E+01  13
  29  64  4.0740 49.9828  3.0259  0.4475E+02  0.1209E+01  13
  29  64  4.0740 42.9928  2.8500  0.8438E+02  0.1966E+01  13
  29  64  4.0740 42.9928  2.8598  0.9076E+02  0.2154E+01  13
  29  64  4.0740 42.9928  2.8697  0.9310E+02  0.1862E+01  13
  29  64  4.0740 42.9928  2.8795  0.9073E+02  0.1752E+01  13
  29  64  4.0740 42.9928  2.8893  0.9545E+02  0.1809E+01  13
  29  64  4.0740 42.9928  2.8992  0.9839E+02  0.1845E+01  13
  29  64  4.0740 42.9928  2.9090  0.9878E+02  0.1849E+01  13
  29  64  4.0740 42.9928  2.9189  0.1051E+03  0.1919E+01  13
  29  64  4.0740 42.9928  2.9287  0.1053E+03  0.1923E+01  13
  29  64  4.0740 42.9928  2.9385  0.1074E+03  0.1947E+01  13
  29  64  4.0740 42.9928  2.9484  0.1128E+03  0.2001E+01  13
  29  64  4.0740 42.9928  2.9582  0.1120E+03  0.1992E+01  13
  29  64  4.0740 42.9928  2.9681  0.1162E+03  0.2037E+01  13
  29  64  4.0740 42.9928  2.9779  0.1186E+03  0.2060E+01  13
  29  64  4.0740 42.9928  2.9877  0.1242E+03  0.2210E+01  13
  29  64  4.0740 42.9928  2.9976  0.1244E+03  0.2277E+01  13
  29  64  4.0740 42.9928  3.0074  0.1295E+03  0.2508E+01  13
  29  64  4.0740 42.9928  3.0173  0.1324E+03  0.2811E+01  13
  29  64  4.0740 49.9828  2.6581  0.6031E+01  0.4430E+00  13
  29  64  4.0740 49.9828  2.6665  0.6806E+01  0.4432E+00  13
  29  64  4.0740 49.9828  2.6748  0.8289E+01  0.4636E+00  13
  29  64  4.0740 49.9828  2.6832  0.7225E+01  0.3986E+00  13
  29  64  4.0740 49.9828  2.6915  0.7695E+01  0.4000E+00  13
  29  64  4.0740 49.9828  2.6999  0.8455E+01  0.4095E+00  13
  29  64  4.0740 49.9828  2.7083  0.9371E+01  0.4320E+00  13
  29  64  4.0740 49.9828  2.7166  0.1045E+02  0.4522E+00  13
  29  64  4.0740 49.9828  2.7250  0.1033E+02  0.4531E+00  13
  29  64  4.0740 49.9828  2.7333  0.1184E+02  0.4916E+00  13
  29  64  4.0740 49.9828  2.7417  0.1134E+02  0.4750E+00  13
  29  64  4.0740 49.9828  2.7501  0.1174E+02  0.4855E+00  13
  29  64  4.0740 49.9828  2.7584  0.1221E+02  0.4947E+00  13
  29  64  4.0740 49.9828  2.7668  0.1286E+02  0.5118E+00  13
  29  64  4.0740 49.9828  2.7751  0.1371E+02  0.5286E+00  13
  29  64  4.0740 49.9828  2.7835  0.1469E+02  0.5501E+00  13
  29  64  4.0740 49.9828  2.7918  0.1534E+02  0.5573E+00  13
  29  64  4.0740 49.9828  2.8002  0.1531E+02  0.5576E+00  13
  29  64  4.0740 49.9828  2.8086  0.1583E+02  0.5667E+00  13
  29  64  4.0740 49.9828  2.8169  0.1726E+02  0.5911E+00  13
  29  64  4.0740 49.9828  2.8253  0.1828E+02  0.6087E+00  13
  29  64  4.0740 49.9828  2.8336  0.1961E+02  0.6690E+00  13
  29  64  4.0740 49.9828  2.8420  0.1890E+02  0.7106E+00  13
  29  64  4.0740 49.9828  2.8504  0.2005E+02  0.7648E+00  13
  29  64  4.0740 49.9828  2.8587  0.2132E+02  0.8827E+00  13
  29  64  4.0740 49.9828  2.8671  0.2223E+02  0.9702E+00  13
  29  64  4.1340 74.9828  3.5182  0.1096E+02  0.4904E+00  13
  29  64  4.1340 74.9828  3.5232  0.1085E+02  0.4451E+00  13
  29  64  4.1340 74.9828  3.5282  0.1148E+02  0.4297E+00  13
  29  64  4.1340 74.9828  3.5332  0.1255E+02  0.4348E+00  13
  29  64  4.1340 74.9828  3.5432  0.1299E+02  0.4485E+00  13
  29  64  4.1340 74.9828  3.5482  0.1371E+02  0.4586E+00  13
  29  64  4.1340 74.9828  3.4232  0.4755E+01  0.2965E+00  13
  29  64  4.1340 74.9828  3.4282  0.5249E+01  0.2855E+00  13
  29  64  4.1340 74.9828  3.4332  0.5364E+01  0.2836E+00  13
  29  64  4.1340 74.9828  3.4382  0.6357E+01  0.2937E+00  13
  29  64  4.1340 74.9828  3.4432  0.6085E+01  0.2957E+00  13
  29  64  4.1340 74.9828  3.4482  0.6110E+01  0.2942E+00  13
  29  64  4.1340 74.9828  3.4532  0.6654E+01  0.3052E+00  13
  29  64  4.1340 74.9828  3.4582  0.6470E+01  0.3067E+00  13
  29  64  4.1340 74.9828  3.4632  0.6888E+01  0.3177E+00  13
  29  64  4.1340 74.9828  3.4682  0.7498E+01  0.3260E+00  13
  29  64  4.1340 74.9828  3.4732  0.7441E+01  0.3293E+00  13
  29  64  4.1340 74.9828  3.4782  0.7656E+01  0.3372E+00  13
  29  64  4.1340 74.9828  3.4832  0.8685E+01  0.3522E+00  13
  29  64  4.1340 74.9828  3.4882  0.8550E+01  0.3547E+00  13
  29  64  4.1340 74.9828  3.4932  0.9662E+01  0.3697E+00  13
  29  64  4.1340 74.9828  3.4982  0.9415E+01  0.3697E+00  13
  29  64  4.1340 74.9828  3.5032  0.9460E+01  0.3728E+00  13
  29  64  4.1340 74.9828  3.5082  0.9293E+01  0.3737E+00  13
  29  64  4.1340 74.9828  3.5132  0.1106E+02  0.4126E+00  13
  29  64  4.1340 74.9828  3.5182  0.1067E+02  0.4377E+00  13
  29  64  4.1340 74.9828  3.5232  0.1090E+02  0.5107E+00  13
  29  64  4.1340 74.9828  3.5282  0.1122E+02  0.6012E+00  13
  29  64  4.1340 74.9828  3.4232  0.4643E+01  0.3009E+00  13
  29  64  4.1340 74.9828  3.4282  0.5308E+01  0.2882E+00  13
  29  64  4.1340 74.9828  3.4332  0.5100E+01  0.2714E+00  13
  29  64  4.1340 74.9828  3.4382  0.5796E+01  0.2857E+00  13
  29  64  4.1340 74.9828  3.4432  0.6080E+01  0.2922E+00  13
  29  64  4.1340 74.9828  3.4482  0.6083E+01  0.2958E+00  13
  29  64  4.1340 74.9828  3.4532  0.6569E+01  0.3021E+00  13
  29  64  4.1340 74.9828  3.4582  0.7227E+01  0.3187E+00  13
  29  64  4.1340 74.9828  3.4632  0.6727E+01  0.3152E+00  13
  29  64  4.1340 74.9828  3.4682  0.7462E+01  0.3255E+00  13
  29  64  4.1340 74.9828  3.4732  0.7246E+01  0.3257E+00  13
  29  64  4.1340 74.9828  3.4782  0.7921E+01  0.3379E+00  13
  29  64  4.1340 74.9828  3.4832  0.8185E+01  0.3467E+00  13
  29  64  4.1340 74.9828  3.4882  0.8955E+01  0.3597E+00  13
  29  64  4.1340 74.9828  3.4932  0.8725E+01  0.3624E+00  13
  29  64  4.1340 74.9828  3.4982  0.9419E+01  0.3706E+00  13
  29  64  4.1340 74.9828  3.5032  0.9545E+01  0.3767E+00  13
  29  64  4.1340 74.9828  3.5082  0.1020E+02  0.3875E+00  13
  29  64  4.1340 74.9828  3.5132  0.1064E+02  0.4078E+00  13
  29  64  4.1340 74.9828  3.5182  0.1131E+02  0.4464E+00  13
  29  64  4.1340 74.9828  3.5232  0.1086E+02  0.5129E+00  13
  29  64  4.1340 74.9828  3.5282  0.1205E+02  0.6146E+00  13
  29  64  4.1340 57.9828  3.3133  0.3015E+02  0.7440E+00  13
  29  64  4.1340 57.9828  3.3203  0.3034E+02  0.6829E+00  13
  29  64  4.1340 57.9828  3.3272  0.3092E+02  0.6506E+00  13
  29  64  4.1340 57.9828  3.3342  0.3355E+02  0.6569E+00  13
  29  64  4.1340 57.9828  3.3411  0.3396E+02  0.6625E+00  13
  29  64  4.1340 57.9828  3.3480  0.3476E+02  0.6724E+00  13
  29  64  4.1340 57.9828  3.3550  0.3577E+02  0.6856E+00  13
  29  64  4.1340 57.9828  3.3619  0.3664E+02  0.6954E+00  13
  29  64  4.1340 57.9828  3.3689  0.3658E+02  0.6981E+00  13
  29  64  4.1340 57.9828  3.3758  0.3775E+02  0.7118E+00  13
  29  64  4.1340 57.9828  3.3828  0.4148E+02  0.7527E+00  13
  29  64  4.1340 57.9828  3.3897  0.4062E+02  0.7458E+00  13
  29  64  4.1340 57.9828  3.3966  0.4133E+02  0.7528E+00  13
  29  64  4.1340 57.9828  3.4036  0.4226E+02  0.7619E+00  13
  29  64  4.1340 57.9828  3.4105  0.4436E+02  0.7888E+00  13
  29  64  4.1340 57.9828  3.4175  0.4546E+02  0.8645E+00  13
  29  64  4.1340 57.9828  3.4244  0.4831E+02  0.9641E+00  13
  29  64  4.1340 57.9828  3.4314  0.4852E+02  0.1071E+01  13
  29  64  4.1340 57.9828  3.1883  0.1568E+02  0.4766E+00  13
  29  64  4.1340 57.9828  3.1953  0.1649E+02  0.4508E+00  13
  29  64  4.1340 57.9828  3.2022  0.1798E+02  0.4488E+00  13
  29  64  4.1340 57.9828  3.2092  0.1844E+02  0.4471E+00  13
  29  64  4.1340 57.9828  3.2161  0.1873E+02  0.4519E+00  13
  29  64  4.1340 57.9828  3.2231  0.1962E+02  0.4650E+00  13
  29  64  4.1340 57.9828  3.2300  0.2072E+02  0.4799E+00  13
  29  64  4.1340 57.9828  3.2369  0.2084E+02  0.4815E+00  13
  29  64  4.1340 57.9828  3.2439  0.2152E+02  0.4914E+00  13
  29  64  4.1340 57.9828  3.2508  0.2241E+02  0.5039E+00  13
  29  64  4.1340 57.9828  3.2578  0.2384E+02  0.5221E+00  13
  29  64  4.1340 57.9828  3.2647  0.2410E+02  0.5253E+00  13
  29  64  4.1340 57.9828  3.2717  0.2552E+02  0.5423E+00  13
  29  64  4.1340 57.9828  3.2786  0.2460E+02  0.5313E+00  13
  29  64  4.1340 57.9828  3.2855  0.2663E+02  0.5546E+00  13
  29  64  4.1340 57.9828  3.2925  0.2787E+02  0.5694E+00  13
  29  64  4.1340 57.9828  3.2994  0.2767E+02  0.5697E+00  13
  29  64  4.1340 57.9828  3.3064  0.3042E+02  0.6544E+00  13
  29  64  4.1340 57.9828  3.3133  0.3159E+02  0.7225E+00  13
  29  64  4.1340 57.9828  3.3203  0.3130E+02  0.8016E+00  13
  29  64  4.1340 47.9828  3.1866  0.7861E+02  0.1865E+01  13
  29  64  4.1340 47.9828  3.1952  0.8162E+02  0.1731E+01  13
  29  64  4.1340 47.9828  3.2039  0.8165E+02  0.1620E+01  13
  29  64  4.1340 47.9828  3.2126  0.8544E+02  0.1594E+01  13
  29  64  4.1340 47.9828  3.2213  0.8786E+02  0.1621E+01  13
  29  64  4.1340 47.9828  3.2299  0.8811E+02  0.1632E+01  13
  29  64  4.1340 47.9828  3.2386  0.8970E+02  0.1646E+01  13
  29  64  4.1340 47.9828  3.2473  0.9256E+02  0.1677E+01  13
  29  64  4.1340 47.9828  3.2560  0.9488E+02  0.1702E+01  13
  29  64  4.1340 47.9828  3.2647  0.9746E+02  0.1738E+01  13
  29  64  4.1340 47.9828  3.2733  0.1003E+03  0.1765E+01  13
  29  64  4.1340 47.9828  3.2820  0.1036E+03  0.1799E+01  13
  29  64  4.1340 47.9828  3.2907  0.1064E+03  0.1826E+01  13
  29  64  4.1340 47.9828  3.2994  0.1051E+03  0.1895E+01  13
  29  64  4.1340 47.9828  3.3080  0.1077E+03  0.2055E+01  13
  29  64  4.1340 47.9828  3.3167  0.1134E+03  0.2310E+01  13
  29  64  4.1340 47.9828  3.0564  0.5397E+02  0.1445E+01  13
  29  64  4.1340 47.9828  3.0651  0.5326E+02  0.1298E+01  13
  29  64  4.1340 47.9828  3.0738  0.5704E+02  0.1250E+01  13
  29  64  4.1340 47.9828  3.0825  0.5730E+02  0.1225E+01  13
  29  64  4.1340 47.9828  3.0911  0.5881E+02  0.1221E+01  13
  29  64  4.1340 47.9828  3.0998  0.6093E+02  0.1246E+01  13
  29  64  4.1340 47.9828  3.1085  0.6247E+02  0.1265E+01  13
  29  64  4.1340 47.9828  3.1172  0.6520E+02  0.1303E+01  13
  29  64  4.1340 47.9828  3.1258  0.6435E+02  0.1286E+01  13
  29  64  4.1340 47.9828  3.1345  0.7062E+02  0.1363E+01  13
  29  64  4.1340 47.9828  3.1432  0.7141E+02  0.1370E+01  13
  29  64  4.1340 47.9828  3.1519  0.7237E+02  0.1383E+01  13
  29  64  4.1340 47.9828  3.1605  0.7235E+02  0.1379E+01  13
  29  64  4.1340 47.9828  3.1692  0.7503E+02  0.1407E+01  13
  29  64  4.1340 47.9828  3.1779  0.7772E+02  0.1436E+01  13
  29  64  4.1340 47.9828  3.1866  0.8127E+02  0.1548E+01  13
  29  64  4.1340 47.9828  3.1952  0.8025E+02  0.1638E+01  13
  29  64  4.1340 47.9828  3.2039  0.8597E+02  0.1868E+01  13
  29  64  4.1340 47.9828  3.2126  0.8760E+02  0.2122E+01  13
  29  64  4.1340 57.9828  3.0564  0.8020E+01  0.5789E+00  13
  29  64  4.1340 57.9828  3.0634  0.7453E+01  0.5282E+00  13
  29  64  4.1340 57.9828  3.0703  0.8055E+01  0.5171E+00  13
  29  64  4.1340 57.9828  3.0773  0.8836E+01  0.5311E+00  13
  29  64  4.1340 57.9828  3.0842  0.8794E+01  0.5099E+00  13
  29  64  4.1340 57.9828  3.0911  0.9254E+01  0.5313E+00  13
  29  64  4.1340 57.9828  3.0981  0.9537E+01  0.5285E+00  13
  29  64  4.1340 57.9828  3.1050  0.1016E+02  0.5459E+00  13
  29  64  4.1340 57.9828  3.1120  0.1106E+02  0.5688E+00  13
  29  64  4.1340 57.9828  3.1189  0.9990E+01  0.5485E+00  13
  29  64  4.1340 57.9828  3.1259  0.1138E+02  0.5758E+00  13
  29  64  4.1340 57.9828  3.1328  0.1162E+02  0.5881E+00  13
  29  64  4.1340 57.9828  3.1397  0.1262E+02  0.6124E+00  13
  29  64  4.1340 57.9828  3.1467  0.1218E+02  0.6080E+00  13
  29  64  4.1340 57.9828  3.1536  0.1418E+02  0.6521E+00  13
  29  64  4.1340 57.9828  3.1606  0.1379E+02  0.6435E+00  13
  29  64  4.1340 57.9828  3.1675  0.1502E+02  0.6723E+00  13
  29  64  4.1340 57.9828  3.1745  0.1534E+02  0.6776E+00  13
  29  64  4.1340 57.9828  3.1814  0.1617E+02  0.6972E+00  13
  29  64  4.1340 57.9828  3.1883  0.1600E+02  0.7340E+00  13
  29  64  4.1340 57.9828  3.1953  0.1708E+02  0.7959E+00  13
  29  64  4.1340 57.9828  3.2022  0.1707E+02  0.8684E+00  13
  29  64  4.1340 57.9828  3.2092  0.1974E+02  0.1054E+01  13
  29  64  4.1340 57.9828  3.2161  0.2160E+02  0.1312E+01  13
  29  64  4.1340 57.9828  3.0564  0.6857E+01  0.5106E+00  13
  29  64  4.1340 57.9828  3.0634  0.8542E+01  0.5393E+00  13
  29  64  4.1340 57.9828  3.0703  0.7528E+01  0.4709E+00  13
  29  64  4.1340 57.9828  3.0773  0.9010E+01  0.4992E+00  13
  29  64  4.1340 57.9828  3.0842  0.9890E+01  0.5128E+00  13
  29  64  4.1340 57.9828  3.0911  0.8976E+01  0.4944E+00  13
  29  64  4.1340 57.9828  3.0981  0.9277E+01  0.5026E+00  13
  29  64  4.1340 57.9828  3.1050  0.1088E+02  0.5396E+00  13
  29  64  4.1340 57.9828  3.1120  0.1073E+02  0.5448E+00  13
  29  64  4.1340 57.9828  3.1189  0.1106E+02  0.5477E+00  13
  29  64  4.1340 57.9828  3.1259  0.1119E+02  0.5562E+00  13
  29  64  4.1340 57.9828  3.1328  0.1202E+02  0.5670E+00  13
  29  64  4.1340 57.9828  3.1397  0.1231E+02  0.5918E+00  13
  29  64  4.1340 57.9828  3.1467  0.1302E+02  0.6009E+00  13
  29  64  4.1340 57.9828  3.1536  0.1377E+02  0.6144E+00  13
  29  64  4.1340 57.9828  3.1606  0.1479E+02  0.6373E+00  13
  29  64  4.1340 57.9828  3.1675  0.1459E+02  0.6320E+00  13
  29  64  4.1340 57.9828  3.1745  0.1510E+02  0.6369E+00  13
  29  64  4.1340 57.9828  3.1814  0.1600E+02  0.6585E+00  13
  29  64  4.1340 57.9828  3.1883  0.1565E+02  0.6917E+00  13
  29  64  4.1340 57.9828  3.1953  0.1729E+02  0.7578E+00  13
  29  64  4.1340 57.9828  3.2022  0.1839E+02  0.8546E+00  13
  29  64  4.1340 57.9828  3.2092  0.1841E+02  0.9727E+00  13
  29  64  4.1340 57.9828  3.2161  0.1876E+02  0.1159E+01  13
  29  64  4.1340 57.9828  3.0564  0.7198E+01  0.3096E+00  13
  29  64  4.1340 57.9828  3.0634  0.7757E+01  0.3039E+00  13
  29  64  4.1340 57.9828  3.0703  0.7977E+01  0.2881E+00  13
  29  64  4.1340 57.9828  3.0773  0.8424E+01  0.2895E+00  13
  29  64  4.1340 57.9828  3.0842  0.9005E+01  0.2948E+00  13
  29  64  4.1340 57.9828  3.0911  0.9327E+01  0.2982E+00  13
  29  64  4.1340 57.9828  3.0981  0.9404E+01  0.3025E+00  13
  29  64  4.1340 57.9828  3.1050  0.9908E+01  0.3098E+00  13
  29  64  4.1340 57.9828  3.1120  0.1037E+02  0.3174E+00  13
  29  64  4.1340 57.9828  3.1189  0.1123E+02  0.3326E+00  13
  29  64  4.1340 57.9828  3.1259  0.1148E+02  0.3366E+00  13
  29  64  4.1340 57.9828  3.1328  0.1198E+02  0.3445E+00  13
  29  64  4.1340 57.9828  3.1397  0.1238E+02  0.3522E+00  13
  29  64  4.1340 57.9828  3.1467  0.1284E+02  0.3595E+00  13
  29  64  4.1340 57.9828  3.1536  0.1366E+02  0.3717E+00  13
  29  64  4.1340 57.9828  3.1606  0.1376E+02  0.3720E+00  13
  29  64  4.1340 57.9828  3.1675  0.1447E+02  0.3809E+00  13
  29  64  4.1340 57.9828  3.1745  0.1541E+02  0.3949E+00  13
  29  64  4.1340 57.9828  3.1814  0.1589E+02  0.4019E+00  13
  29  64  4.1340 57.9828  3.1883  0.1616E+02  0.4289E+00  13
  29  64  4.1340 57.9828  3.1953  0.1725E+02  0.4605E+00  13
  29  64  4.1340 57.9828  3.2022  0.1749E+02  0.5070E+00  13
  29  64  4.1340 57.9828  3.2092  0.1980E+02  0.6040E+00  13
  29  64  4.1340 57.9828  3.2161  0.1835E+02  0.6838E+00  13
  29  64  4.1340 47.9828  2.9003  0.2998E+02  0.8214E+00  13
  29  64  4.1340 47.9828  2.9089  0.3161E+02  0.7766E+00  13
  29  64  4.1340 47.9828  2.9176  0.3082E+02  0.7401E+00  13
  29  64  4.1340 47.9828  2.9263  0.3359E+02  0.7426E+00  13
  29  64  4.1340 47.9828  2.9350  0.3358E+02  0.7415E+00  13
  29  64  4.1340 47.9828  2.9436  0.3495E+02  0.7598E+00  13
  29  64  4.1340 47.9828  2.9523  0.3701E+02  0.7840E+00  13
  29  64  4.1340 47.9828  2.9610  0.3762E+02  0.7927E+00  13
  29  64  4.1340 47.9828  2.9697  0.3881E+02  0.8080E+00  13
  29  64  4.1340 47.9828  2.9783  0.4113E+02  0.8354E+00  13
  29  64  4.1340 47.9828  2.9870  0.4104E+02  0.8323E+00  13
  29  64  4.1340 47.9828  2.9957  0.4349E+02  0.8647E+00  13
  29  64  4.1340 47.9828  3.0044  0.4552E+02  0.8871E+00  13
  29  64  4.1340 47.9828  3.0130  0.4551E+02  0.8856E+00  13
  29  64  4.1340 47.9828  3.0217  0.4691E+02  0.8969E+00  13
  29  64  4.1340 47.9828  3.0304  0.4921E+02  0.9243E+00  13
  29  64  4.1340 47.9828  3.0391  0.5182E+02  0.9539E+00  13
  29  64  4.1340 47.9828  3.0477  0.5191E+02  0.1030E+01  13
  29  64  4.1340 47.9828  3.0564  0.5378E+02  0.1088E+01  13
  29  64  4.1340 47.9828  3.0651  0.5595E+02  0.1217E+01  13
  29  64  4.1340 47.9828  3.0738  0.5770E+02  0.1394E+01  13
  29  64  4.1340 47.9828  2.7094  0.1155E+02  0.4055E+00  13
  29  64  4.1340 47.9828  2.7181  0.1211E+02  0.3926E+00  13
  29  64  4.1340 47.9828  2.7267  0.1170E+02  0.3685E+00  13
  29  64  4.1340 47.9828  2.7354  0.1329E+02  0.3649E+00  13
  29  64  4.1340 47.9828  2.7441  0.1362E+02  0.3614E+00  13
  29  64  4.1340 47.9828  2.7528  0.1447E+02  0.3667E+00  13
  29  64  4.1340 47.9828  2.7614  0.1551E+02  0.3806E+00  13
  29  64  4.1340 47.9828  2.7701  0.1668E+02  0.3979E+00  13
  29  64  4.1340 47.9828  2.7788  0.1612E+02  0.3906E+00  13
  29  64  4.1340 47.9828  2.7875  0.1797E+02  0.4158E+00  13
  29  64  4.1340 47.9828  2.7961  0.1718E+02  0.4030E+00  13
  29  64  4.1340 47.9828  2.8048  0.1934E+02  0.4332E+00  13
  29  64  4.1340 47.9828  2.8135  0.2088E+02  0.4531E+00  13
  29  64  4.1340 47.9828  2.8222  0.2097E+02  0.4541E+00  13
  29  64  4.1340 47.9828  2.8308  0.2277E+02  0.4779E+00  13
  29  64  4.1340 47.9828  2.8395  0.2279E+02  0.4752E+00  13
  29  64  4.1340 47.9828  2.8482  0.2323E+02  0.4810E+00  13
  29  64  4.1340 47.9828  2.8569  0.2526E+02  0.5051E+00  13
  29  64  4.1340 47.9828  2.8655  0.2562E+02  0.5069E+00  13
  29  64  4.1340 47.9828  2.8742  0.2618E+02  0.5131E+00  13
  29  64  4.1340 47.9828  2.8829  0.2821E+02  0.5645E+00  13
  29  64  4.1340 47.9828  2.8916  0.2915E+02  0.5895E+00  13
  29  64  4.1340 47.9828  2.9003  0.3095E+02  0.6581E+00  13
  29  64  4.1340 47.9828  2.9089  0.3291E+02  0.7145E+00  13
  29  64  4.1340 47.9828  2.9176  0.3219E+02  0.7924E+00  13
  29  64  4.1340 39.0128  2.7126  0.1080E+03  0.2634E+01  13
  29  64  4.1340 39.0128  2.7234  0.1133E+03  0.2460E+01  13
  29  64  4.1340 39.0128  2.7341  0.1214E+03  0.2457E+01  13
  29  64  4.1340 39.0128  2.7449  0.1202E+03  0.2311E+01  13
  29  64  4.1340 39.0128  2.7556  0.1194E+03  0.2246E+01  13
  29  64  4.1340 39.0128  2.7664  0.1268E+03  0.2339E+01  13
  29  64  4.1340 39.0128  2.7771  0.1271E+03  0.2347E+01  13
  29  64  4.1340 39.0128  2.7879  0.1323E+03  0.2408E+01  13
  29  64  4.1340 39.0128  2.7986  0.1358E+03  0.2443E+01  13
  29  64  4.1340 39.0128  2.8094  0.1380E+03  0.2464E+01  13
  29  64  4.1340 39.0128  2.8201  0.1429E+03  0.2518E+01  13
  29  64  4.1340 39.0128  2.8309  0.1478E+03  0.2569E+01  13
  29  64  4.1340 39.0128  2.8416  0.1500E+03  0.2594E+01  13
  29  64  4.1340 39.0128  2.8524  0.1529E+03  0.2626E+01  13
  29  64  4.1340 39.0128  2.8631  0.1584E+03  0.2672E+01  13
  29  64  4.1340 39.0128  2.8739  0.1600E+03  0.2688E+01  13
  29  64  4.1340 39.0128  2.8846  0.1625E+03  0.2909E+01  13
  29  64  4.1340 39.0128  2.8954  0.1714E+03  0.3108E+01  13
  29  64  4.1340 39.0128  2.9061  0.1760E+03  0.3428E+01  13
  29  64  4.1340 39.0128  2.9169  0.1752E+03  0.3843E+01  13
  29  64  4.1340 31.9828  2.7136  0.4252E+03  0.7499E+01  13
  29  64  4.1340 31.9828  2.7264  0.4130E+03  0.6773E+01  13
  29  64  4.1340 31.9828  2.7392  0.4404E+03  0.6668E+01  13
  29  64  4.1340 31.9828  2.7519  0.4467E+03  0.6881E+01  13
  29  64  4.1340 31.9828  2.7647  0.4654E+03  0.6685E+01  13
  29  64  4.1340 31.9828  2.7775  0.4671E+03  0.6715E+01  13
  29  64  4.1340 31.9828  2.7903  0.4684E+03  0.6721E+01  13
  29  64  4.1340 31.9828  2.8030  0.4723E+03  0.6753E+01  13
  29  64  4.1340 31.9828  2.8158  0.4791E+03  0.6826E+01  13
  29  64  4.1340 31.9828  2.8286  0.4848E+03  0.6882E+01  13
  29  64  4.1340 31.9828  2.8414  0.5037E+03  0.7055E+01  13
  29  64  4.1340 31.9828  2.8541  0.4993E+03  0.7004E+01  13
  29  64  4.1340 31.9828  2.8669  0.5100E+03  0.7094E+01  13
  29  64  4.1340 31.9828  2.8797  0.5035E+03  0.7299E+01  13
  29  64  4.1340 31.9828  2.8925  0.5210E+03  0.7877E+01  13
  29  64  4.1340 31.9828  2.9052  0.5190E+03  0.8420E+01  13
  29  64  4.1340 31.9828  2.9180  0.5347E+03  0.9534E+01  13
  29  64  5.1500 37.9828  3.4658  0.4566E+02  0.1349E+01  13
  29  64  5.1500 37.9828  3.4757  0.4855E+02  0.1316E+01  13
  29  64  5.1500 37.9828  3.4855  0.4718E+02  0.1235E+01  13
  29  64  5.1500 37.9828  3.4954  0.4865E+02  0.1170E+01  13
  29  64  5.1500 37.9828  3.5053  0.5072E+02  0.1166E+01  13
  29  64  5.1500 37.9828  3.5151  0.5397E+02  0.1187E+01  13
  29  64  5.1500 37.9828  3.5250  0.5438E+02  0.1183E+01  13
  29  64  5.1500 37.9828  3.5348  0.5792E+02  0.1239E+01  13
  29  64  5.1500 37.9828  3.5447  0.5788E+02  0.1235E+01  13
  29  64  5.1500 37.9828  3.5545  0.5723E+02  0.1223E+01  13
  29  64  5.1500 37.9828  3.5644  0.6044E+02  0.1266E+01  13
  29  64  5.1500 37.9828  3.5743  0.5997E+02  0.1256E+01  13
  29  64  5.1500 37.9828  3.5841  0.6295E+02  0.1296E+01  13
  29  64  5.1500 37.9828  3.5940  0.6255E+02  0.1289E+01  13
  29  64  5.1500 37.9828  3.6038  0.6458E+02  0.1317E+01  13
  29  64  5.1500 37.9828  3.6137  0.6900E+02  0.1370E+01  13
  29  64  5.1500 37.9828  3.6235  0.6782E+02  0.1351E+01  13
  29  64  5.1500 37.9828  3.6334  0.7436E+02  0.1432E+01  13
  29  64  5.1500 37.9828  3.6433  0.7374E+02  0.1420E+01  13
  29  64  5.1500 37.9828  3.6531  0.7326E+02  0.1478E+01  13
  29  64  5.1500 37.9828  3.6630  0.7571E+02  0.1556E+01  13
  29  64  5.1500 37.9828  3.6728  0.7728E+02  0.1691E+01  13
  29  64  5.1500 37.9828  3.6827  0.8043E+02  0.1811E+01  13
  29  64  5.1500 37.9828  3.6925  0.7977E+02  0.1905E+01  13
  29  64  5.1500 37.9828  3.7024  0.8787E+02  0.2151E+01  13
  29  64  5.1500 37.9828  3.4658  0.4291E+02  0.1932E+01  13
  29  64  5.1500 37.9828  3.4757  0.4379E+02  0.1838E+01  13
  29  64  5.1500 37.9828  3.4855  0.4902E+02  0.1855E+01  13
  29  64  5.1500 37.9828  3.4954  0.5077E+02  0.1750E+01  13
  29  64  5.1500 37.9828  3.5053  0.5294E+02  0.1742E+01  13
  29  64  5.1500 37.9828  3.5151  0.5294E+02  0.1791E+01  13
  29  64  5.1500 37.9828  3.5250  0.5476E+02  0.1727E+01  13
  29  64  5.1500 37.9828  3.5348  0.5631E+02  0.1756E+01  13
  29  64  5.1500 37.9828  3.5447  0.5622E+02  0.1751E+01  13
  29  64  5.1500 37.9828  3.5545  0.5658E+02  0.1759E+01  13
  29  64  5.1500 37.9828  3.5644  0.5745E+02  0.1777E+01  13
  29  64  5.1500 37.9828  3.5743  0.6249E+02  0.1856E+01  13
  29  64  5.1500 37.9828  3.5841  0.6538E+02  0.1897E+01  13
  29  64  5.1500 37.9828  3.5940  0.6648E+02  0.1923E+01  13
  29  64  5.1500 37.9828  3.6038  0.6719E+02  0.1928E+01  13
  29  64  5.1500 37.9828  3.6137  0.6798E+02  0.1949E+01  13
  29  64  5.1500 37.9828  3.6235  0.7105E+02  0.1978E+01  13
  29  64  5.1500 37.9828  3.6334  0.7085E+02  0.1977E+01  13
  29  64  5.1500 37.9828  3.6433  0.7214E+02  0.1994E+01  13
  29  64  5.1500 37.9828  3.6531  0.7407E+02  0.2140E+01  13
  29  64  5.1500 37.9828  3.6630  0.8005E+02  0.2308E+01  13
  29  64  5.1500 37.9828  3.6728  0.8094E+02  0.2519E+01  13
  29  64  5.1500 37.9828  3.6827  0.8038E+02  0.2634E+01  13
  29  64  5.1500 37.9828  3.6925  0.8151E+02  0.2825E+01  13
  29  64  5.1500 37.9828  3.7024  0.8353E+02  0.3060E+01  13
  29  64  5.1500 37.9828  3.2096  0.1932E+02  0.7356E+00  13
  29  64  5.1500 37.9828  3.2194  0.2098E+02  0.7292E+00  13
  29  64  5.1500 37.9828  3.2293  0.2178E+02  0.6998E+00  13
  29  64  5.1500 37.9828  3.2391  0.2175E+02  0.6658E+00  13
  29  64  5.1500 37.9828  3.2490  0.2262E+02  0.6498E+00  13
  29  64  5.1500 37.9828  3.2588  0.2472E+02  0.6592E+00  13
  29  64  5.1500 37.9828  3.2687  0.2518E+02  0.6516E+00  13
  29  64  5.1500 37.9828  3.2786  0.2493E+02  0.6316E+00  13
  29  64  5.1500 37.9828  3.2884  0.2742E+02  0.6689E+00  13
  29  64  5.1500 37.9828  3.2983  0.2843E+02  0.6801E+00  13
  29  64  5.1500 37.9828  3.3081  0.2822E+02  0.6781E+00  13
  29  64  5.1500 37.9828  3.3180  0.2927E+02  0.6915E+00  13
  29  64  5.1500 37.9828  3.3278  0.3158E+02  0.7246E+00  13
  29  64  5.1500 37.9828  3.3377  0.3124E+02  0.7173E+00  13
  29  64  5.1500 37.9828  3.3476  0.3303E+02  0.7416E+00  13
  29  64  5.1500 37.9828  3.3574  0.3409E+02  0.7545E+00  13
  29  64  5.1500 37.9828  3.3673  0.3404E+02  0.7558E+00  13
  29  64  5.1500 37.9828  3.3771  0.3643E+02  0.7822E+00  13
  29  64  5.1500 37.9828  3.3870  0.3755E+02  0.8002E+00  13
  29  64  5.1500 37.9828  3.3968  0.3813E+02  0.8051E+00  13
  29  64  5.1500 37.9828  3.4067  0.3834E+02  0.8049E+00  13
  29  64  5.1500 37.9828  3.4166  0.4015E+02  0.8273E+00  13
  29  64  5.1500 37.9828  3.4264  0.4296E+02  0.8806E+00  13
  29  64  5.1500 37.9828  3.4363  0.4320E+02  0.9014E+00  13
  29  64  5.1500 37.9828  3.4461  0.4377E+02  0.9674E+00  13
  29  64  5.1500 37.9828  3.4560  0.4705E+02  0.1052E+01  13
  29  64  5.1500 37.9828  3.4658  0.4644E+02  0.1095E+01  13
  29  64  5.1500 37.9828  3.4757  0.4878E+02  0.1187E+01  13
  29  64  5.1500 37.9828  3.4855  0.4965E+02  0.1279E+01  13
  29  64  5.1500 37.9828  3.4954  0.5122E+02  0.1406E+01  13
  29  64  5.1500 37.9828  3.4658  0.4983E+02  0.2203E+01  13
  29  64  5.1500 37.9828  3.4757  0.4829E+02  0.2034E+01  13
  29  64  5.1500 37.9828  3.4855  0.4983E+02  0.1967E+01  13
  29  64  5.1500 37.9828  3.4954  0.5532E+02  0.1919E+01  13
  29  64  5.1500 37.9828  3.5053  0.5262E+02  0.1815E+01  13
  29  64  5.1500 37.9828  3.5151  0.5160E+02  0.1792E+01  13
  29  64  5.1500 37.9828  3.5250  0.5499E+02  0.1819E+01  13
  29  64  5.1500 37.9828  3.5348  0.5574E+02  0.1812E+01  13
  29  64  5.1500 37.9828  3.5447  0.5460E+02  0.1807E+01  13
  29  64  5.1500 37.9828  3.5545  0.6139E+02  0.1929E+01  13
  29  64  5.1500 37.9828  3.5644  0.5985E+02  0.1910E+01  13
  29  64  5.1500 37.9828  3.5743  0.5836E+02  0.1875E+01  13
  29  64  5.1500 37.9828  3.5841  0.6365E+02  0.1962E+01  13
  29  64  5.1500 37.9828  3.5940  0.6417E+02  0.1976E+01  13
  29  64  5.1500 37.9828  3.6038  0.7119E+02  0.2075E+01  13
  29  64  5.1500 37.9828  3.6137  0.6657E+02  0.2012E+01  13
  29  64  5.1500 37.9828  3.6235  0.7067E+02  0.2079E+01  13
  29  64  5.1500 37.9828  3.6334  0.7078E+02  0.2069E+01  13
  29  64  5.1500 37.9828  3.6433  0.7111E+02  0.2076E+01  13
  29  64  5.1500 37.9828  3.6531  0.7344E+02  0.2225E+01  13
  29  64  5.1500 37.9828  3.6630  0.7251E+02  0.2277E+01  13
  29  64  5.1500 37.9828  3.6728  0.7617E+02  0.2557E+01  13
  29  64  5.1500 37.9828  3.6827  0.8151E+02  0.2780E+01  13
  29  64  5.1500 37.9828  3.6925  0.8592E+02  0.3044E+01  13
  29  64  5.1500 37.9828  3.7024  0.8373E+02  0.3219E+01  13
  29  64  5.1500 29.9828  3.2100  0.2052E+03  0.5009E+01  13
  29  64  5.1500 29.9828  3.2223  0.2056E+03  0.4509E+01  13
  29  64  5.1500 29.9828  3.2346  0.2154E+03  0.4426E+01  13
  29  64  5.1500 29.9828  3.2469  0.2064E+03  0.4144E+01  13
  29  64  5.1500 29.9828  3.2592  0.2226E+03  0.4205E+01  13
  29  64  5.1500 29.9828  3.2715  0.2128E+03  0.3995E+01  13
  29  64  5.1500 29.9828  3.2837  0.2250E+03  0.4065E+01  13
  29  64  5.1500 29.9828  3.2960  0.2333E+03  0.4157E+01  13
  29  64  5.1500 29.9828  3.3083  0.2316E+03  0.4146E+01  13
  29  64  5.1500 29.9828  3.3206  0.2417E+03  0.4245E+01  13
  29  64  5.1500 29.9828  3.3329  0.2409E+03  0.4239E+01  13
  29  64  5.1500 29.9828  3.3452  0.2465E+03  0.4299E+01  13
  29  64  5.1500 29.9828  3.3575  0.2437E+03  0.4277E+01  13
  29  64  5.1500 29.9828  3.3698  0.2530E+03  0.4369E+01  13
  29  64  5.1500 29.9828  3.3821  0.2615E+03  0.4463E+01  13
  29  64  5.1500 29.9828  3.3943  0.2601E+03  0.4443E+01  13
  29  64  5.1500 29.9828  3.4066  0.2617E+03  0.4447E+01  13
  29  64  5.1500 29.9828  3.4189  0.2692E+03  0.4524E+01  13
  29  64  5.1500 29.9828  3.4312  0.2784E+03  0.4952E+01  13
  29  64  5.1500 29.9828  3.4435  0.2731E+03  0.4893E+01  13
  29  64  5.1500 29.9828  3.4558  0.2874E+03  0.5412E+01  13
  29  64  5.1500 29.9828  3.4681  0.2850E+03  0.5618E+01  13
  29  64  5.1500 29.9828  3.4804  0.2831E+03  0.5902E+01  13
  29  64  5.1500 29.9828  3.4927  0.2942E+03  0.6948E+01  13
  29  64  5.1500 29.9828  2.9274  0.1256E+03  0.3019E+01  13
  29  64  5.1500 29.9828  2.9396  0.1264E+03  0.2874E+01  13
  29  64  5.1500 29.9828  2.9519  0.1336E+03  0.2829E+01  13
  29  64  5.1500 29.9828  2.9642  0.1356E+03  0.2751E+01  13
  29  64  5.1500 29.9828  2.9765  0.1368E+03  0.2680E+01  13
  29  64  5.1500 29.9828  2.9888  0.1450E+03  0.2710E+01  13
  29  64  5.1500 29.9828  3.0011  0.1428E+03  0.2642E+01  13
  29  64  5.1500 29.9828  3.0134  0.1465E+03  0.2683E+01  13
  29  64  5.1500 29.9828  3.0257  0.1531E+03  0.2759E+01  13
  29  64  5.1500 29.9828  3.0380  0.1516E+03  0.2732E+01  13
  29  64  5.1500 29.9828  3.0502  0.1594E+03  0.2821E+01  13
  29  64  5.1500 29.9828  3.0625  0.1597E+03  0.2818E+01  13
  29  64  5.1500 29.9828  3.0748  0.1661E+03  0.2884E+01  13
  29  64  5.1500 29.9828  3.0871  0.1676E+03  0.2903E+01  13
  29  64  5.1500 29.9828  3.0994  0.1697E+03  0.2933E+01  13
  29  64  5.1500 29.9828  3.1117  0.1755E+03  0.2992E+01  13
  29  64  5.1500 29.9828  3.1240  0.1767E+03  0.2990E+01  13
  29  64  5.1500 29.9828  3.1363  0.1835E+03  0.3072E+01  13
  29  64  5.1500 29.9828  3.1486  0.1898E+03  0.3129E+01  13
  29  64  5.1500 29.9828  3.1609  0.1893E+03  0.3121E+01  13
  29  64  5.1500 29.9828  3.1731  0.1981E+03  0.3340E+01  13
  29  64  5.1500 29.9828  3.1854  0.1969E+03  0.3416E+01  13
  29  64  5.1500 29.9828  3.1977  0.2047E+03  0.3613E+01  13
  29  64  5.1500 29.9828  3.2100  0.2075E+03  0.3769E+01  13
  29  64  5.1500 29.9828  3.2223  0.2108E+03  0.4164E+01  13
  29  64  5.1500 29.9828  3.2346  0.2115E+03  0.4422E+01  13
  29  64  5.1500 29.9828  3.2469  0.2135E+03  0.4806E+01  13
  29  64  5.1500 26.9828  2.9235  0.2987E+03  0.5911E+01  13
  29  64  5.1500 26.9828  2.9368  0.3059E+03  0.5727E+01  13
  29  64  5.1500 26.9828  2.9502  0.3089E+03  0.5518E+01  13
  29  64  5.1500 26.9828  2.9635  0.3149E+03  0.5394E+01  13
  29  64  5.1500 26.9828  2.9769  0.3241E+03  0.5342E+01  13
  29  64  5.1500 26.9828  2.9902  0.3235E+03  0.5146E+01  13
  29  64  5.1500 26.9828  3.0036  0.3339E+03  0.5249E+01  13
  29  64  5.1500 26.9828  3.0169  0.3340E+03  0.5254E+01  13
  29  64  5.1500 26.9828  3.0302  0.3467E+03  0.5380E+01  13
  29  64  5.1500 26.9828  3.0436  0.3448E+03  0.5360E+01  13
  29  64  5.1500 26.9828  3.0569  0.3570E+03  0.5477E+01  13
  29  64  5.1500 26.9828  3.0703  0.3553E+03  0.5459E+01  13
  29  64  5.1500 26.9828  3.0836  0.3688E+03  0.5594E+01  13
  29  64  5.1500 26.9828  3.0970  0.3746E+03  0.5661E+01  13
  29  64  5.1500 26.9828  3.1103  0.3740E+03  0.5657E+01  13
  29  64  5.1500 26.9828  3.1236  0.3797E+03  0.5707E+01  13
  29  64  5.1500 26.9828  3.1370  0.3902E+03  0.5804E+01  13
  29  64  5.1500 26.9828  3.1503  0.3930E+03  0.5817E+01  13
  29  64  5.1500 26.9828  3.1637  0.3944E+03  0.5934E+01  13
  29  64  5.1500 26.9828  3.1770  0.4006E+03  0.6104E+01  13
  29  64  5.1500 26.9828  3.1904  0.4129E+03  0.6568E+01  13
  29  64  5.1500 26.9828  3.2037  0.4215E+03  0.6882E+01  13
  29  64  5.1500 26.9828  3.2170  0.4197E+03  0.7117E+01  13
  29  64  5.1500 26.9828  3.2304  0.4374E+03  0.7663E+01  13
  29  64  5.1500 26.9828  3.2437  0.4398E+03  0.8737E+01  13
  29  64  5.1500 26.9828  2.5899  0.1732E+03  0.3380E+01  13
  29  64  5.1500 26.9828  2.6033  0.1774E+03  0.3268E+01  13
  29  64  5.1500 26.9828  2.6166  0.1824E+03  0.3190E+01  13
  29  64  5.1500 26.9828  2.6299  0.1864E+03  0.3131E+01  13
  29  64  5.1500 26.9828  2.6433  0.1935E+03  0.3120E+01  13
  29  64  5.1500 26.9828  2.6566  0.1991E+03  0.3107E+01  13
  29  64  5.1500 26.9828  2.6700  0.2037E+03  0.3113E+01  13
  29  64  5.1500 26.9828  2.6833  0.2081E+03  0.3152E+01  13
  29  64  5.1500 26.9828  2.6967  0.2129E+03  0.3202E+01  13
  29  64  5.1500 26.9828  2.7100  0.2187E+03  0.3263E+01  13
  29  64  5.1500 26.9828  2.7233  0.2248E+03  0.3314E+01  13
  29  64  5.1500 26.9828  2.7367  0.2255E+03  0.3315E+01  13
  29  64  5.1500 26.9828  2.7500  0.2344E+03  0.3404E+01  13
  29  64  5.1500 26.9828  2.7634  0.2437E+03  0.3495E+01  13
  29  64  5.1500 26.9828  2.7767  0.2416E+03  0.3469E+01  13
  29  64  5.1500 26.9828  2.7901  0.2536E+03  0.3587E+01  13
  29  64  5.1500 26.9828  2.8034  0.2530E+03  0.3575E+01  13
  29  64  5.1500 26.9828  2.8167  0.2632E+03  0.3670E+01  13
  29  64  5.1500 26.9828  2.8301  0.2686E+03  0.3716E+01  13
  29  64  5.1500 26.9828  2.8434  0.2722E+03  0.3747E+01  13
  29  64  5.1500 26.9828  2.8568  0.2770E+03  0.3787E+01  13
  29  64  5.1500 26.9828  2.8701  0.2822E+03  0.3893E+01  13
  29  64  5.1500 26.9828  2.8835  0.2875E+03  0.4001E+01  13
  29  64  5.1500 26.9828  2.8968  0.2951E+03  0.4256E+01  13
  29  64  5.1500 26.9828  2.9102  0.2946E+03  0.4374E+01  13
  29  64  5.1500 26.9828  2.9235  0.3073E+03  0.4643E+01  13
  29  64  5.1500 26.9828  2.9368  0.3136E+03  0.4897E+01  13
  29  64  5.1500 26.9828  2.9502  0.3200E+03  0.5218E+01  13
  29  64  5.1500 29.9828  2.5833  0.5174E+02  0.2072E+01  13
  29  64  5.1500 29.9828  2.5956  0.5075E+02  0.1916E+01  13
  29  64  5.1500 29.9828  2.6078  0.5163E+02  0.1823E+01  13
  29  64  5.1500 29.9828  2.6201  0.5474E+02  0.1788E+01  13
  29  64  5.1500 29.9828  2.6324  0.5562E+02  0.1731E+01  13
  29  64  5.1500 29.9828  2.6447  0.6212E+02  0.1773E+01  13
  29  64  5.1500 29.9828  2.6570  0.6161E+02  0.1715E+01  13
  29  64  5.1500 29.9828  2.6693  0.6994E+02  0.1845E+01  13
  29  64  5.1500 29.9828  2.6816  0.6719E+02  0.1752E+01  13
  29  64  5.1500 29.9828  2.6939  0.6850E+02  0.1781E+01  13
  29  64  5.1500 29.9828  2.7062  0.7637E+02  0.1900E+01  13
  29  64  5.1500 29.9828  2.7184  0.7453E+02  0.1867E+01  13
  29  64  5.1500 29.9828  2.7307  0.8211E+02  0.1969E+01  13
  29  64  5.1500 29.9828  2.7430  0.8014E+02  0.1948E+01  13
  29  64  5.1500 29.9828  2.7553  0.8423E+02  0.2002E+01  13
  29  64  5.1500 29.9828  2.7676  0.8826E+02  0.2047E+01  13
  29  64  5.1500 29.9828  2.7799  0.8457E+02  0.1998E+01  13
  29  64  5.1500 29.9828  2.7922  0.9511E+02  0.2146E+01  13
  29  64  5.1500 29.9828  2.8045  0.9526E+02  0.2139E+01  13
  29  64  5.1500 29.9828  2.8168  0.9845E+02  0.2180E+01  13
  29  64  5.1500 29.9828  2.8290  0.9887E+02  0.2182E+01  13
  29  64  5.1500 29.9828  2.8413  0.1061E+03  0.2274E+01  13
  29  64  5.1500 29.9828  2.8536  0.1047E+03  0.2254E+01  13
  29  64  5.1500 29.9828  2.8659  0.1081E+03  0.2338E+01  13
  29  64  5.1500 29.9828  2.8782  0.1120E+03  0.2444E+01  13
  29  64  5.1500 29.9828  2.8905  0.1193E+03  0.2614E+01  13
  29  64  5.1500 29.9828  2.9028  0.1187E+03  0.2681E+01  13
  29  64  5.1500 29.9828  2.9151  0.1224E+03  0.2847E+01  13
  29  64  5.1500 29.9828  2.9274  0.1257E+03  0.3009E+01  13
  29  64  5.1500 29.9828  2.9396  0.1262E+03  0.3188E+01  13
  29  64  5.1500 29.9828  2.9519  0.1331E+03  0.3499E+01  13
  29  64  5.1500 29.9828  2.2023  0.1045E+02  0.4405E+00  13
  29  64  5.1500 29.9828  2.2146  0.1084E+02  0.4241E+00  13
  29  64  5.1500 29.9828  2.2269  0.1195E+02  0.4492E+00  13
  29  64  5.1500 29.9828  2.2392  0.1182E+02  0.4213E+00  13
  29  64  5.1500 29.9828  2.2515  0.1318E+02  0.4302E+00  13
  29  64  5.1500 29.9828  2.2638  0.1302E+02  0.4134E+00  13
  29  64  5.1500 29.9828  2.2760  0.1455E+02  0.4399E+00  13
  29  64  5.1500 29.9828  2.2883  0.1467E+02  0.4298E+00  13
  29  64  5.1500 29.9828  2.3006  0.1613E+02  0.4455E+00  13
  29  64  5.1500 29.9828  2.3129  0.1670E+02  0.4549E+00  13
  29  64  5.1500 29.9828  2.3252  0.1816E+02  0.4786E+00  13
  29  64  5.1500 29.9828  2.3375  0.1871E+02  0.4829E+00  13
  29  64  5.1500 29.9828  2.3498  0.2011E+02  0.5055E+00  13
  29  64  5.1500 29.9828  2.3621  0.2140E+02  0.5240E+00  13
  29  64  5.1500 29.9828  2.3744  0.2246E+02  0.5396E+00  13
  29  64  5.1500 29.9828  2.3866  0.2373E+02  0.5576E+00  13
  29  64  5.1500 29.9828  2.3989  0.2411E+02  0.5648E+00  13
  29  64  5.1500 29.9828  2.4112  0.2553E+02  0.5821E+00  13
  29  64  5.1500 29.9828  2.4235  0.2812E+02  0.6189E+00  13
  29  64  5.1500 29.9828  2.4358  0.2825E+02  0.6217E+00  13
  29  64  5.1500 29.9828  2.4481  0.2955E+02  0.6369E+00  13
  29  64  5.1500 29.9828  2.4604  0.3249E+02  0.6775E+00  13
  29  64  5.1500 29.9828  2.4727  0.3309E+02  0.6870E+00  13
  29  64  5.1500 29.9828  2.4850  0.3530E+02  0.7141E+00  13
  29  64  5.1500 29.9828  2.4972  0.3666E+02  0.7300E+00  13
  29  64  5.1500 29.9828  2.5095  0.3838E+02  0.7490E+00  13
  29  64  5.1500 29.9828  2.5218  0.4084E+02  0.7966E+00  13
  29  64  5.1500 29.9828  2.5341  0.4242E+02  0.8247E+00  13
  29  64  5.1500 29.9828  2.5464  0.4504E+02  0.8773E+00  13
  29  64  5.1500 29.9828  2.5587  0.4695E+02  0.9243E+00  13
  29  64  5.1500 29.9828  2.5710  0.4798E+02  0.9680E+00  13
  29  64  5.1500 29.9828  2.5833  0.4976E+02  0.1022E+01  13
  29  64  5.1500 29.9828  2.5956  0.5271E+02  0.1058E+01  13
  29  64  5.1500 29.9828  2.6078  0.5635E+02  0.1153E+01  13
  29  64  5.1500 29.9828  2.6201  0.5572E+02  0.1203E+01  13
  29  64  5.1500 29.9828  2.6324  0.5934E+02  0.1334E+01  13
  29  64  5.1500 26.9828  2.2030  0.5721E+02  0.1939E+01  13
  29  64  5.1500 26.9828  2.2163  0.5875E+02  0.1849E+01  13
  29  64  5.1500 26.9828  2.2296  0.6291E+02  0.1833E+01  13
  29  64  5.1500 26.9828  2.2430  0.6451E+02  0.1856E+01  13
  29  64  5.1500 26.9828  2.2563  0.6703E+02  0.1820E+01  13
  29  64  5.1500 26.9828  2.2697  0.7006E+02  0.1807E+01  13
  29  64  5.1500 26.9828  2.2830  0.7663E+02  0.1853E+01  13
  29  64  5.1500 26.9828  2.2964  0.7866E+02  0.1874E+01  13
  29  64  5.1500 26.9828  2.3097  0.8592E+02  0.1940E+01  13
  29  64  5.1500 26.9828  2.3230  0.8579E+02  0.1938E+01  13
  29  64  5.1500 26.9828  2.3364  0.9028E+02  0.1995E+01  13
  29  64  5.1500 26.9828  2.3497  0.9289E+02  0.2041E+01  13
  29  64  5.1500 26.9828  2.3631  0.9986E+02  0.2134E+01  13
  29  64  5.1500 26.9828  2.3764  0.1033E+03  0.2170E+01  13
  29  64  5.1500 26.9828  2.3898  0.1053E+03  0.2184E+01  13
  29  64  5.1500 26.9828  2.4031  0.1088E+03  0.2231E+01  13
  29  64  5.1500 26.9828  2.4165  0.1128E+03  0.2285E+01  13
  29  64  5.1500 26.9828  2.4298  0.1180E+03  0.2342E+01  13
  29  64  5.1500 26.9828  2.4431  0.1263E+03  0.2451E+01  13
  29  64  5.1500 26.9828  2.4565  0.1278E+03  0.2460E+01  13
  29  64  5.1500 26.9828  2.4698  0.1300E+03  0.2478E+01  13
  29  64  5.1500 26.9828  2.4832  0.1370E+03  0.2555E+01  13
  29  64  5.1500 26.9828  2.4965  0.1403E+03  0.2579E+01  13
  29  64  5.1500 26.9828  2.5099  0.1439E+03  0.2633E+01  13
  29  64  5.1500 26.9828  2.5232  0.1547E+03  0.2803E+01  13
  29  64  5.1500 26.9828  2.5365  0.1493E+03  0.2770E+01  13
  29  64  5.1500 26.9828  2.5499  0.1632E+03  0.3020E+01  13
  29  64  5.1500 26.9828  2.5632  0.1668E+03  0.3140E+01  13
  29  64  5.1500 26.9828  2.5766  0.1711E+03  0.3285E+01  13
  29  64  5.1500 26.9828  2.5899  0.1767E+03  0.3483E+01  13
  29  64  5.1500 26.9828  2.6033  0.1770E+03  0.3651E+01  13
  29  64  5.1500 26.9828  2.6166  0.1775E+03  0.3854E+01  13
  29  64  5.1500 26.9828  2.6299  0.1882E+03  0.4296E+01  13
  29  64  5.1500 26.9828  1.7626  0.7359E+01  0.5406E+00  13
  29  64  5.1500 26.9828  1.7760  0.7958E+01  0.5346E+00  13
  29  64  5.1500 26.9828  1.7893  0.9195E+01  0.5683E+00  13
  29  64  5.1500 26.9828  1.8027  0.1010E+02  0.5697E+00  13
  29  64  5.1500 26.9828  1.8160  0.1064E+02  0.5562E+00  13
  29  64  5.1500 26.9828  1.8294  0.1184E+02  0.5631E+00  13
  29  64  5.1500 26.9828  1.8427  0.1265E+02  0.5875E+00  13
  29  64  5.1500 26.9828  1.8560  0.1290E+02  0.5726E+00  13
  29  64  5.1500 26.9828  1.8694  0.1459E+02  0.5945E+00  13
  29  64  5.1500 26.9828  1.8827  0.1445E+02  0.5913E+00  13
  29  64  5.1500 26.9828  1.8961  0.1640E+02  0.6296E+00  13
  29  64  5.1500 26.9828  1.9094  0.1747E+02  0.6514E+00  13
  29  64  5.1500 26.9828  1.9228  0.1832E+02  0.6712E+00  13
  29  64  5.1500 26.9828  1.9361  0.1998E+02  0.7072E+00  13
  29  64  5.1500 26.9828  1.9494  0.2067E+02  0.7142E+00  13
  29  64  5.1500 26.9828  1.9628  0.2314E+02  0.7715E+00  13
  29  64  5.1500 26.9828  1.9761  0.2420E+02  0.7883E+00  13
  29  64  5.1500 26.9828  1.9895  0.2640E+02  0.8280E+00  13
  29  64  5.1500 26.9828  2.0028  0.2498E+02  0.7963E+00  13
  29  64  5.1500 26.9828  2.0162  0.2877E+02  0.8682E+00  13
  29  64  5.1500 26.9828  2.0295  0.3054E+02  0.8956E+00  13
  29  64  5.1500 26.9828  2.0428  0.3295E+02  0.9411E+00  13
  29  64  5.1500 26.9828  2.0562  0.3481E+02  0.9664E+00  13
  29  64  5.1500 26.9828  2.0695  0.3498E+02  0.9677E+00  13
  29  64  5.1500 26.9828  2.0829  0.3742E+02  0.1008E+01  13
  29  64  5.1500 26.9828  2.0962  0.3950E+02  0.1035E+01  13
  29  64  5.1500 26.9828  2.1096  0.4062E+02  0.1048E+01  13
  29  64  5.1500 26.9828  2.1229  0.4272E+02  0.1086E+01  13
  29  64  5.1500 26.9828  2.1362  0.4521E+02  0.1159E+01  13
  29  64  5.1500 26.9828  2.1496  0.4822E+02  0.1206E+01  13
  29  64  5.1500 26.9828  2.1629  0.5143E+02  0.1285E+01  13
  29  64  5.1500 26.9828  2.1763  0.5450E+02  0.1371E+01  13
  29  64  5.1500 26.9828  2.1896  0.5472E+02  0.1420E+01  13
  29  64  5.1500 26.9828  2.2030  0.5865E+02  0.1539E+01  13
  29  64  5.1500 26.9828  2.2163  0.5945E+02  0.1627E+01  13
  29  64  5.1500 26.9828  2.2296  0.6541E+02  0.1727E+01  13
  29  64  5.1500 26.9828  2.2430  0.6760E+02  0.1852E+01  13
  29  64  5.1500 26.9828  2.2563  0.7386E+02  0.2091E+01  13
