   0.5007   0.3707 145.0000   0.4489   0.6754   0.0463         3.6293         0.6100        23.1749  0.1566  0.0263   1
   0.5007   0.3607 145.0000   0.4859   0.6572   0.0460        11.4781         1.1780        35.4826  0.3235  0.0332   1
   0.5007   0.3507 145.0000   0.5229   0.6390   0.0458        27.2842         2.0465        55.2115  0.4942  0.0371   1
   0.5007   0.3407 145.0000   0.5599   0.6208   0.0456        51.1470         3.1322       109.9024  0.4654  0.0285   1
   0.5007   0.3307 145.0000   0.5968   0.6025   0.0453        99.9999         5.0514       195.5079  0.5115  0.0258   1
   0.5007   0.3207 145.0000   0.6338   0.5843   0.0450       199.2419         8.7162       335.7804  0.5934  0.0260   1
   0.5007   0.3107 145.0000   0.6708   0.5661   0.0446       402.8820        15.6914       569.4363  0.7075  0.0276   1
   0.5007   0.3007 145.0000   0.7078   0.5479   0.0443       719.0325        24.7303       962.8465  0.7468  0.0257   1
   0.5007   0.2907 145.0000   0.7448   0.5297   0.0439      1454.0649        48.0881      1640.3475  0.8864  0.0293   1
   0.5007   0.2807 145.0000   0.7818   0.5114   0.0434      2880.5119        93.1603      2879.8484  1.0002  0.0323   1
   0.5507   0.3957 145.0000   0.3783   0.7929   0.0460         1.7844         0.3592        12.2396  0.1458  0.0293   1
   0.5507   0.3857 145.0000   0.4171   0.7729   0.0458         3.8593         0.5854        18.3283  0.2106  0.0319   1
   0.5507   0.3757 145.0000   0.4559   0.7529   0.0456        12.1355         1.1326        27.8475  0.4358  0.0407   1
   0.5507   0.3657 145.0000   0.4947   0.7328   0.0453        24.4355         1.7927        49.6609  0.4920  0.0361   1
   0.5507   0.3557 145.0000   0.5335   0.7128   0.0451        45.3717         2.7145        86.0662  0.5272  0.0315   1
   0.5507   0.3457 145.0000   0.5723   0.6928   0.0448        82.1277         4.1866       145.6824  0.5637  0.0287   1
   0.5507   0.3357 145.0000   0.6111   0.6727   0.0444       158.1118         6.9180       244.7011  0.6461  0.0283   1
   0.5507   0.3257 145.0000   0.6499   0.6527   0.0441       319.5496        12.3646       409.7104  0.7799  0.0302   1
   0.5507   0.3157 145.0000   0.6887   0.6326   0.0437       614.9255        22.2180       686.1990  0.8961  0.0324   1
   0.5507   0.3057 145.0000   0.7275   0.6126   0.0433      1238.8599        40.8347      1156.8999  1.0708  0.0353   1
   0.5507   0.2957 145.0000   0.7663   0.5926   0.0429      2191.3853        72.3770      1996.0945  1.0978  0.0363   1
   0.5507   0.2857 145.0000   0.8051   0.5725   0.0424      4547.3799       147.3346      3701.6422  1.2285  0.0398   1
   0.5507   0.2757 145.0000   0.8439   0.5525   0.0419     12262.7509       392.5972      8855.9002  1.3847  0.0443   1
   0.5507   0.2657 145.0000   0.8827   0.5325   0.0413    224401.0858      7163.4660    150371.2721  1.4923  0.0476   1
   0.5507   0.2557 145.0000   0.9215   0.5124   0.0408     14398.7555       459.9236      9060.0807  1.5893  0.0508   1
   0.9007   0.5847  85.0000   0.5118   0.9616   0.3504        51.3696         3.3190        74.1308  0.6930  0.0448   5
   0.9007   0.5667  85.0000   0.5752   0.9320   0.3472       101.9730         5.3216       149.5717  0.6818  0.0356   5
   0.9007   0.5497  85.0000   0.6350   0.9040   0.3439       217.4146        11.2452       292.0562  0.7444  0.0385   5
   0.9007   0.5337  85.0000   0.6913   0.8777   0.3405       466.7593        20.4481       552.0010  0.8456  0.0370   5
   0.9007   0.5187  85.0000   0.7442   0.8530   0.3371       908.3262        40.5130      1027.7894  0.8838  0.0394   5
   0.9007   0.5027  85.0000   0.8005   0.8267   0.3332      2209.4027        87.8916      2228.5050  0.9914  0.0394   5
   0.9007   0.4877  85.0000   0.8533   0.8021   0.3293      8422.5668       355.2130      7689.0972  1.0954  0.0462   5
   0.9007   0.4737  85.0000   0.9026   0.7790   0.3255     12261.5837       485.8572     10245.3710  1.1968  0.0474   5
   0.9007   0.4597  85.0000   0.9519   0.7560   0.3214      4141.4465       164.0652      3357.9798  1.2333  0.0489   5
   0.9007   0.4457  85.0000   1.0012   0.7330   0.3171      2460.8435        96.8294      2037.3583  1.2079  0.0475   5
   0.9007   0.4317  85.0000   1.0505   0.7100   0.3125      1721.2975        69.3666      1459.2623  1.1796  0.0475   5
   0.9007   0.4197  85.0000   1.0927   0.6902   0.3084      1249.9819        51.7489      1172.9923  1.0656  0.0441   5
   0.9007   0.4067  85.0000   1.1385   0.6689   0.3038       989.3396        42.0013       974.1900  1.0156  0.0431   5
   0.9007   0.3947  85.0000   1.1808   0.6491   0.2992       876.5425        36.6503       855.8555  1.0242  0.0428   5
   0.9007   0.3837  85.0000   1.2195   0.6310   0.2949       758.9082        36.9764       786.2341  0.9652  0.0470   5
   0.9007   0.3717  85.0000   1.2617   0.6113   0.2900       742.8375        34.3855       741.7961  1.0014  0.0464   5
   0.9007   0.3607  85.0000   1.3005   0.5932   0.2853       732.9566        35.6345       722.8222  1.0140  0.0493   5
   0.9007   0.3507  85.0000   1.3357   0.5768   0.2809       775.1913        35.4416       718.4429  1.0790  0.0493   5
   0.9007   0.3397  85.0000   1.3744   0.5587   0.2758       796.2417        34.6154       723.4042  1.1007  0.0479   5
   0.9007   0.3297  85.0000   1.4096   0.5422   0.2711       794.0653        33.8704       732.8685  1.0835  0.0462   5
   0.9007   0.3197  85.0000   1.4448   0.5258   0.2661       800.5146        37.7682       743.7934  1.0763  0.0508   5
   0.9007   0.3097  85.0000   1.4801   0.5093   0.2610       794.0871        36.2435       753.4369  1.0540  0.0481   5
   1.1007   0.6087  85.0000   0.5803   1.2233   0.3320       102.3482         6.6833       118.7412  0.8619  0.0563   5
   1.1007   0.5917  85.0000   0.6464   1.1891   0.3284       192.1550         9.9903       225.5140  0.8521  0.0443   5
   1.1007   0.5737  85.0000   0.7163   1.1530   0.3243       431.4532        18.1748       457.6733  0.9427  0.0397   5
   1.1007   0.5567  85.0000   0.7824   1.1188   0.3202       994.5073        38.4706       994.2349  1.0003  0.0387   5
   1.1007   0.5397  85.0000   0.8485   1.0846   0.3158      3898.5676       166.3060      3692.3378  1.0559  0.0450   5
   1.1007   0.5247  85.0000   0.9067   1.0545   0.3118      5857.3161       233.3774      5023.3135  1.1660  0.0465   5
   1.1007   0.5087  85.0000   0.9689   1.0223   0.3072      1953.2890        80.3264      1634.0837  1.1953  0.0492   5
   1.1007   0.4937  85.0000   1.0272   0.9922   0.3028      1206.3361        48.8343      1044.3073  1.1552  0.0468   5
   1.1007   0.4797  85.0000   1.0816   0.9641   0.2984       873.2272        37.5011       794.9059  1.0985  0.0472   5
   1.1007   0.4647  85.0000   1.1399   0.9339   0.2935       698.2974        29.4305       643.1043  1.0858  0.0458   5
   1.1007   0.4507  85.0000   1.1943   0.9058   0.2888       575.0733        23.9059       556.6050  1.0332  0.0429   5
   1.1007   0.4377  85.0000   1.2448   0.8797   0.2842       526.3042        21.4198       505.8930  1.0403  0.0423   5
   1.1007   0.4247  85.0000   1.2954   0.8535   0.2795       471.9291        22.1446       475.1006  0.9933  0.0466   5
   1.1007   0.4117  85.0000   1.3459   0.8274   0.2745       451.9089        20.6811       458.5558  0.9855  0.0451   5
   1.1007   0.3997  85.0000   1.3925   0.8033   0.2698       466.3547        21.3291       452.0107  1.0317  0.0472   5
   1.1007   0.3887  85.0000   1.4353   0.7812   0.2653       455.0376        20.3880       450.6747  1.0097  0.0452   5
   1.1007   0.3767  85.0000   1.4819   0.7571   0.2603       508.2700        23.7235       451.8478  1.1249  0.0525   5
   1.1007   0.3657  85.0000   1.5246   0.7350   0.2555       483.8230        22.7999       453.6080  1.0666  0.0503   5
   1.1007   0.3547  85.0000   1.5674   0.7129   0.2506       513.2186        24.0825       454.7099  1.1287  0.0530   5
   1.1007   0.3437  85.0000   1.6101   0.6908   0.2456       505.5430        23.2134       454.3562  1.1127  0.0511   5
   1.1007   0.3337  85.0000   1.6490   0.6707   0.2408       512.7821        24.2106       452.5231  1.1332  0.0535   5
   1.1007   0.3247  85.0000   1.6840   0.6526   0.2365       513.5241        23.5996       449.6050  1.1422  0.0525   5
   1.1007   0.3137  85.0000   1.7267   0.6305   0.2310       485.3746        17.4587       444.6807  1.0915  0.0393   5
   1.1007   0.3047  85.0000   1.7617   0.6124   0.2264       502.2620        17.7089       439.8614  1.1419  0.0403   5
