   3.5957   2.6207  30.0100   0.1833   2.5267   0.8349         2.4549         0.2100         3.3877  0.7247  0.0620   8
   3.5957   2.6057  30.0100   0.2259   2.5122   0.8335         3.1501         0.2683        25.8895  0.1217  0.0104   8
   5.7667   4.4587  18.0000   0.8180   2.5169   0.9223       303.5965         9.4532     15869.8936  0.0191  0.0006  10
   5.7667   4.5057  18.0000   0.7032   2.5434   0.9246        78.0540         2.4578      3369.0862  0.0232  0.0007  10
   5.7667   4.5507  18.0000   0.5934   2.5688   0.9267        35.6961         1.1402      1130.1014  0.0316  0.0010  10
   5.7667   4.5717  18.0000   0.5421   2.5807   0.9277        25.6972         0.8399       692.7437  0.0371  0.0012  10
   5.7667   4.6107  18.0000   0.4469   2.6027   0.9294        13.3712         0.4556       276.8842  0.0483  0.0016  10
   5.7667   4.6487  18.0000   0.3542   2.6242   0.9310         7.5993         0.2770       110.0795  0.0690  0.0025  10
   5.7667   4.6837  18.0000   0.2687   2.6439   0.9325         4.4181         0.1802        45.6595  0.0968  0.0039  10
   5.7667   4.7157  18.0000   0.1906   2.6620   0.9337         2.5592         0.1245        20.0018  0.1279  0.0062  10
   5.7667   3.1797  22.0000   3.0646   2.6704   0.7905        57.0122         1.7285        53.7360  1.0610  0.0322  10
   5.7667   3.2437  22.0000   2.8907   2.7242   0.7986        54.7996         1.6732        50.6863  1.0812  0.0330  10
   5.7667   3.3037  22.0000   2.7277   2.7745   0.8059        51.5060         1.5712        47.8331  1.0768  0.0328  10
   5.7667   3.3607  22.0000   2.5729   2.8224   0.8126        48.0461         1.4544        45.4267  1.0577  0.0320  10
   5.7667   3.4157  22.0000   2.4235   2.8686   0.8189        44.7965         1.3712        45.2837  0.9892  0.0303  10
   5.7667   3.4677  22.0000   2.2822   2.9123   0.8246        42.6507         1.3078        55.5553  0.7677  0.0235  10
   5.7667   3.5177  22.0000   2.1464   2.9543   0.8299        40.7434         1.2378       102.2661  0.3984  0.0121  10
   5.7667   3.5657  22.0000   2.0160   2.9946   0.8349        38.3119         1.1838       245.4568  0.1561  0.0048  10
   5.7667   3.6117  22.0000   1.8911   3.0332   0.8394        36.4603         1.1332       584.7711  0.0623  0.0019  10
   5.7667   3.6557  22.0000   1.7716   3.0702   0.8437        36.1283         1.1098      1235.1638  0.0292  0.0009  10
   5.7667   3.6987  22.0000   1.6548   3.1063   0.8477        35.3859         1.0804      2304.7417  0.0154  0.0005  10
   5.7667   3.7387  22.0000   1.5461   3.1399   0.8514        36.0050         1.0988      3737.0245  0.0096  0.0003  10
   5.7667   3.8157  22.0000   1.3370   3.2045   0.8581        40.3281         1.2354      7515.6380  0.0054  0.0002  10
   5.7667   3.8867  22.0000   1.1441   3.2642   0.8640        55.2135         1.6960     12220.2927  0.0045  0.0001  10
   5.7667   3.9207  22.0000   1.0517   3.2927   0.8667        74.5216         2.2994     16227.2871  0.0046  0.0001  10
   5.7667   3.9847  22.0000   0.8779   3.3465   0.8716      3910.6976       121.3793    700581.2510  0.0056  0.0002  10
   5.7667   4.0147  22.0000   0.7964   3.3717   0.8738       101.3692         3.1712     15099.8346  0.0067  0.0002  10
   5.7667   4.0717  22.0000   0.6416   3.4195   0.8779        25.0672         0.7938      2546.8380  0.0098  0.0003  10
   5.7667   4.1257  22.0000   0.4949   3.4649   0.8816        10.4475         0.3368       663.8938  0.0157  0.0005  10
   5.7667   4.1517  22.0000   0.4243   3.4867   0.8833         7.0042         0.2321       349.6995  0.0200  0.0007  10
   5.7667   2.8907  26.0000   2.9031   3.3742   0.7310        35.0835         1.0842        32.4965  1.0796  0.0334  10
   5.7667   2.9477  26.0000   2.7296   3.4408   0.7392        32.7298         1.0075        31.0518  1.0540  0.0324  10
   3.5957   2.6207  30.0100   0.1833   2.5267   0.8349         2.4549         0.2100        16.4522  0.1492  0.0128   8
   3.5957   2.6057  30.0100   0.2259   2.5122   0.8335         3.1501         0.2683        11.9201  0.2643  0.0225   8
   5.7667   4.4587  18.0000   0.8180   2.5169   0.9223       303.5965         9.4532      5724.5414  0.0530  0.0017  10
   5.7667   4.5057  18.0000   0.7032   2.5434   0.9246        78.0540         2.4578      1216.7505  0.0641  0.0020  10
   5.7667   4.5507  18.0000   0.5934   2.5688   0.9267        35.6961         1.1402       411.5996  0.0867  0.0028  10
   5.7667   4.5717  18.0000   0.5421   2.5807   0.9277        25.6972         0.8399       254.2029  0.1011  0.0033  10
   5.7667   4.6107  18.0000   0.4469   2.6027   0.9294        13.3712         0.4556       103.9417  0.1286  0.0044  10
   5.7667   4.6487  18.0000   0.3542   2.6242   0.9310         7.5993         0.2770        42.9547  0.1769  0.0064  10
   5.7667   4.6837  18.0000   0.2687   2.6439   0.9325         4.4181         0.1802        18.8818  0.2340  0.0095  10
   5.7667   4.7157  18.0000   0.1906   2.6620   0.9337         2.5592         0.1245         8.9567  0.2857  0.0139  10
   5.7667   3.1797  22.0000   3.0646   2.6704   0.7905        57.0122         1.7285        53.7359  1.0610  0.0322  10
   5.7667   3.2437  22.0000   2.8907   2.7242   0.7986        54.7996         1.6732        50.6851  1.0812  0.0330  10
   5.7667   3.3037  22.0000   2.7277   2.7745   0.8059        51.5060         1.5712        47.8121  1.0773  0.0329  10
   5.7667   3.3607  22.0000   2.5729   2.8224   0.8126        48.0461         1.4544        45.1845  1.0633  0.0322  10
   5.7667   3.4157  22.0000   2.4235   2.8686   0.8189        44.7965         1.3712        43.3590  1.0332  0.0316  10
   5.7667   3.4677  22.0000   2.2822   2.9123   0.8246        42.6507         1.3078        44.8759  0.9504  0.0291  10
   5.7667   3.5177  22.0000   2.1464   2.9543   0.8299        40.7434         1.2378        57.5312  0.7082  0.0215  10
   5.7667   3.5657  22.0000   2.0160   2.9946   0.8349        38.3119         1.1838        99.0095  0.3870  0.0120  10
   5.7667   3.6117  22.0000   1.8911   3.0332   0.8394        36.4603         1.1332       197.9926  0.1841  0.0057  10
   5.7667   3.6557  22.0000   1.7716   3.0702   0.8437        36.1283         1.1098       386.5126  0.0935  0.0029  10
   5.7667   3.6987  22.0000   1.6548   3.1063   0.8477        35.3859         1.0804       693.3050  0.0510  0.0016  10
   5.7667   3.7387  22.0000   1.5461   3.1399   0.8514        36.0050         1.0988      1099.2796  0.0328  0.0010  10
   5.7667   3.8157  22.0000   1.3370   3.2045   0.8581        40.3281         1.2354      2149.7447  0.0188  0.0006  10
   5.7667   3.8867  22.0000   1.1441   3.2642   0.8640        55.2135         1.6960      3430.2736  0.0161  0.0005  10
   5.7667   3.9207  22.0000   1.0517   3.2927   0.8667        74.5216         2.2994      4520.1383  0.0165  0.0005  10
   5.7667   3.9847  22.0000   0.8779   3.3465   0.8716      3910.6976       121.3793    192802.9431  0.0203  0.0006  10
   5.7667   4.0147  22.0000   0.7964   3.3717   0.8738       101.3692         3.1712      4138.1089  0.0245  0.0008  10
   5.7667   4.0717  22.0000   0.6416   3.4195   0.8779        25.0672         0.7938       695.4532  0.0360  0.0011  10
   5.7667   4.1257  22.0000   0.4949   3.4649   0.8816        10.4475         0.3368       182.4161  0.0573  0.0018  10
   5.7667   4.1517  22.0000   0.4243   3.4867   0.8833         7.0042         0.2321        96.9603  0.0722  0.0024  10
   5.7667   2.8907  26.0000   2.9031   3.3742   0.7310        35.0835         1.0842        32.4374  1.0816  0.0334  10
   5.7667   2.9477  26.0000   2.7296   3.4408   0.7392        32.7298         1.0075        30.3513  1.0784  0.0332  10
   3.5957   2.6207  30.0100   0.1833   2.5267   0.8349         2.4549         0.2100         7.9500  0.3088  0.0264   8
   3.5957   2.6057  30.0100   0.2259   2.5122   0.8335         3.1501         0.2683         7.0084  0.4495  0.0383   8
   5.7667   4.4587  18.0000   0.8180   2.5169   0.9223       303.5965         9.4532      2163.3325  0.1403  0.0044  10
   5.7667   4.5057  18.0000   0.7032   2.5434   0.9246        78.0540         2.4578       468.2114  0.1667  0.0052  10
   5.7667   4.5507  18.0000   0.5934   2.5688   0.9267        35.6961         1.1402       163.9073  0.2178  0.0070  10
   5.7667   4.5717  18.0000   0.5421   2.5807   0.9277        25.6972         0.8399       103.6381  0.2480  0.0081  10
   5.7667   4.6107  18.0000   0.4469   2.6027   0.9294        13.3712         0.4556        45.0105  0.2971  0.0101  10
   5.7667   4.6487  18.0000   0.3542   2.6242   0.9310         7.5993         0.2770        20.2474  0.3753  0.0137  10
   5.7667   4.6837  18.0000   0.2687   2.6439   0.9325         4.4181         0.1802         9.8835  0.4470  0.0182  10
   5.7667   4.7157  18.0000   0.1906   2.6620   0.9337         2.5592         0.1245         5.2676  0.4858  0.0236  10
   5.7667   3.1797  22.0000   3.0646   2.6704   0.7905        57.0122         1.7285        53.7359  1.0610  0.0322  10
   5.7667   3.2437  22.0000   2.8907   2.7242   0.7986        54.7996         1.6732        50.6848  1.0812  0.0330  10
   5.7667   3.3037  22.0000   2.7277   2.7745   0.8059        51.5060         1.5712        47.8053  1.0774  0.0329  10
   5.7667   3.3607  22.0000   2.5729   2.8224   0.8126        48.0461         1.4544        45.1077  1.0651  0.0322  10
   5.7667   3.4157  22.0000   2.4235   2.8686   0.8189        44.7965         1.3712        42.7577  1.0477  0.0321  10
   5.7667   3.4677  22.0000   2.2822   2.9123   0.8246        42.6507         1.3078        41.5841  1.0256  0.0315  10
   5.7667   3.5177  22.0000   2.1464   2.9543   0.8299        40.7434         1.2378        43.9184  0.9277  0.0282  10
   5.7667   3.5657  22.0000   2.0160   2.9946   0.8349        38.3119         1.1838        54.9855  0.6968  0.0215  10
   5.7667   3.6117  22.0000   1.8911   3.0332   0.8394        36.4603         1.1332        83.0567  0.4390  0.0136  10
   5.7667   3.6557  22.0000   1.7716   3.0702   0.8437        36.1283         1.1098       137.0645  0.2636  0.0081  10
   5.7667   3.6987  22.0000   1.6548   3.1063   0.8477        35.3859         1.0804       224.6227  0.1575  0.0048  10
   5.7667   3.7387  22.0000   1.5461   3.1399   0.8514        36.0050         1.0988       339.5214  0.1060  0.0032  10
   5.7667   3.8157  22.0000   1.3370   3.2045   0.8581        40.3281         1.2354       632.4502  0.0638  0.0020  10
   5.7667   3.8867  22.0000   1.1441   3.2642   0.8640        55.2135         1.6960       985.9638  0.0560  0.0017  10
   5.7667   3.9207  22.0000   1.0517   3.2927   0.8667        74.5216         2.2994      1290.2851  0.0578  0.0018  10
   5.7667   3.9847  22.0000   0.8779   3.3465   0.8716      3910.6976       121.3793     54760.3503  0.0714  0.0022  10
   5.7667   4.0147  22.0000   0.7964   3.3717   0.8738       101.3692         3.1712      1178.3700  0.0860  0.0027  10
   5.7667   4.0717  22.0000   0.6416   3.4195   0.8779        25.0672         0.7938       201.9457  0.1241  0.0039  10
   5.7667   4.1257  22.0000   0.4949   3.4649   0.8816        10.4475         0.3368        55.6057  0.1879  0.0061  10
   5.7667   4.1517  22.0000   0.4243   3.4867   0.8833         7.0042         0.2321        30.7751  0.2276  0.0075  10
   5.7667   2.8907  26.0000   2.9031   3.3742   0.7310        35.0835         1.0842        32.4215  1.0821  0.0334  10
   5.7667   2.9477  26.0000   2.7296   3.4408   0.7392        32.7298         1.0075        30.1656  1.0850  0.0334  10
   3.5957   2.6207  30.0100   0.1833   2.5267   0.8349         2.4549         0.2100         4.9758  0.4934  0.0422   8
   3.5957   2.6057  30.0100   0.2259   2.5122   0.8335         3.1501         0.2683         5.2815  0.5964  0.0508   8
   5.7667   4.4587  18.0000   0.8180   2.5169   0.9223       303.5965         9.4532       913.2815  0.3324  0.0104  10
   5.7667   4.5057  18.0000   0.7032   2.5434   0.9246        78.0540         2.4578       207.8845  0.3755  0.0118  10
   5.7667   4.5507  18.0000   0.5934   2.5688   0.9267        35.6961         1.1402        78.5192  0.4546  0.0145  10
   5.7667   4.5717  18.0000   0.5421   2.5807   0.9277        25.6972         0.8399        51.9445  0.4947  0.0162  10
   5.7667   4.6107  18.0000   0.4469   2.6027   0.9294        13.3712         0.4556        24.9294  0.5364  0.0183  10
   5.7667   4.6487  18.0000   0.3542   2.6242   0.9310         7.5993         0.2770        12.5660  0.6048  0.0220  10
   5.7667   4.6837  18.0000   0.2687   2.6439   0.9325         4.4181         0.1802         6.8598  0.6441  0.0263  10
   5.7667   4.7157  18.0000   0.1906   2.6620   0.9337         2.5592         0.1245         4.0354  0.6342  0.0309  10
   5.7667   3.1797  22.0000   3.0646   2.6704   0.7905        57.0122         1.7285        53.7359  1.0610  0.0322  10
   5.7667   3.2437  22.0000   2.8907   2.7242   0.7986        54.7996         1.6732        50.6847  1.0812  0.0330  10
   5.7667   3.3037  22.0000   2.7277   2.7745   0.8059        51.5060         1.5712        47.8031  1.0775  0.0329  10
   5.7667   3.3607  22.0000   2.5729   2.8224   0.8126        48.0461         1.4544        45.0833  1.0657  0.0323  10
   5.7667   3.4157  22.0000   2.4235   2.8686   0.8189        44.7965         1.3712        42.5698  1.0523  0.0322  10
   5.7667   3.4677  22.0000   2.2822   2.9123   0.8246        42.6507         1.3078        40.5694  1.0513  0.0322  10
   5.7667   3.5177  22.0000   2.1464   2.9543   0.8299        40.7434         1.2378        39.7760  1.0243  0.0311  10
   5.7667   3.5657  22.0000   2.0160   2.9946   0.8349        38.3119         1.1838        41.7512  0.9176  0.0284  10
   5.7667   3.6117  22.0000   1.8911   3.0332   0.8394        36.4603         1.1332        48.9020  0.7456  0.0232  10
   5.7667   3.6557  22.0000   1.7716   3.0702   0.8437        36.1283         1.1098        63.7430  0.5668  0.0174  10
   5.7667   3.6987  22.0000   1.6548   3.1063   0.8477        35.3859         1.0804        88.3077  0.4007  0.0122  10
   5.7667   3.7387  22.0000   1.5461   3.1399   0.8514        36.0050         1.0988       120.6858  0.2983  0.0091  10
   5.7667   3.8157  22.0000   1.3370   3.2045   0.8581        40.3281         1.2354       203.4102  0.1983  0.0061  10
   5.7667   3.8867  22.0000   1.1441   3.2642   0.8640        55.2135         1.6960       306.2553  0.1803  0.0055  10
   5.7667   3.9207  22.0000   1.0517   3.2927   0.8667        74.5216         2.2994       399.2098  0.1867  0.0058  10
   5.7667   3.9847  22.0000   0.8779   3.3465   0.8716      3910.6976       121.3793     17232.6397  0.2269  0.0070  10
   5.7667   4.0147  22.0000   0.7964   3.3717   0.8738       101.3692         3.1712       379.2207  0.2673  0.0084  10
   5.7667   4.0717  22.0000   0.6416   3.4195   0.8779        25.0672         0.7938        70.3957  0.3561  0.0113  10
   5.7667   4.1257  22.0000   0.4949   3.4649   0.8816        10.4475         0.3368        22.2067  0.4705  0.0152  10
   5.7667   4.1517  22.0000   0.4243   3.4867   0.8833         7.0042         0.2321        13.4431  0.5210  0.0173  10
   5.7667   2.8907  26.0000   2.9031   3.3742   0.7310        35.0835         1.0842        32.4172  1.0823  0.0334  10
   5.7667   2.9477  26.0000   2.7296   3.4408   0.7392        32.7298         1.0075        30.1164  1.0868  0.0335  10
   3.5957   2.6207  30.0100   0.1833   2.5267   0.8349         2.4549         0.2100         3.9353  0.6238  0.0534   8
   3.5957   2.6057  30.0100   0.2259   2.5122   0.8335         3.1501         0.2683         4.6743  0.6739  0.0574   8
   5.7667   4.4587  18.0000   0.8180   2.5169   0.9223       303.5965         9.4532       474.4901  0.6398  0.0199  10
   5.7667   4.5057  18.0000   0.7032   2.5434   0.9246        78.0540         2.4578       117.3480  0.6651  0.0209  10
   5.7667   4.5507  18.0000   0.5934   2.5688   0.9267        35.6961         1.1402        49.0830  0.7273  0.0232  10
   5.7667   4.5717  18.0000   0.5421   2.5807   0.9277        25.6972         0.8399        34.1964  0.7515  0.0246  10
   5.7667   4.6107  18.0000   0.4469   2.6027   0.9294        13.3712         0.4556        18.0866  0.7393  0.0252  10
   5.7667   4.6487  18.0000   0.3542   2.6242   0.9310         7.5993         0.2770         9.9675  0.7624  0.0278  10
   5.7667   4.6837  18.0000   0.2687   2.6439   0.9325         4.4181         0.1802         5.8437  0.7560  0.0308  10
   5.7667   4.7157  18.0000   0.1906   2.6620   0.9337         2.5592         0.1245         3.6238  0.7062  0.0344  10
   5.7667   3.1797  22.0000   3.0646   2.6704   0.7905        57.0122         1.7285        53.7359  1.0610  0.0322  10
   5.7667   3.2437  22.0000   2.8907   2.7242   0.7986        54.7996         1.6732        50.6846  1.0812  0.0330  10
   5.7667   3.3037  22.0000   2.7277   2.7745   0.8059        51.5060         1.5712        47.8024  1.0775  0.0329  10
   5.7667   3.3607  22.0000   2.5729   2.8224   0.8126        48.0461         1.4544        45.0756  1.0659  0.0323  10
   5.7667   3.4157  22.0000   2.4235   2.8686   0.8189        44.7965         1.3712        42.5111  1.0538  0.0323  10
   5.7667   3.4677  22.0000   2.2822   2.9123   0.8246        42.6507         1.3078        40.2566  1.0595  0.0325  10
   5.7667   3.5177  22.0000   2.1464   2.9543   0.8299        40.7434         1.2378        38.5155  1.0578  0.0321  10
   5.7667   3.5657  22.0000   2.0160   2.9946   0.8349        38.3119         1.1838        37.7729  1.0143  0.0313  10
   5.7667   3.6117  22.0000   1.8911   3.0332   0.8394        36.4603         1.1332        38.7525  0.9408  0.0292  10
   5.7667   3.6557  22.0000   1.7716   3.0702   0.8437        36.1283         1.1098        42.1913  0.8563  0.0263  10
   5.7667   3.6987  22.0000   1.6548   3.1063   0.8477        35.3859         1.0804        48.6608  0.7272  0.0222  10
   5.7667   3.7387  22.0000   1.5461   3.1399   0.8514        36.0050         1.0988        57.6538  0.6245  0.0191  10
   5.7667   3.8157  22.0000   1.3370   3.2045   0.8581        40.3281         1.2354        82.0921  0.4913  0.0150  10
   5.7667   3.8867  22.0000   1.1441   3.2642   0.8640        55.2135         1.6960       117.2435  0.4709  0.0145  10
   5.7667   3.9207  22.0000   1.0517   3.2927   0.8667        74.5216         2.2994       153.3734  0.4859  0.0150  10
   5.7667   3.9847  22.0000   0.8779   3.3465   0.8716      3910.6976       121.3793      7030.5054  0.5562  0.0173  10
   5.7667   4.0147  22.0000   0.7964   3.3717   0.8738       101.3692         3.1712       163.4451  0.6202  0.0194  10
   5.7667   4.0717  22.0000   0.6416   3.4195   0.8779        25.0672         0.7938        35.3296  0.7095  0.0225  10
   5.7667   4.1257  22.0000   0.4949   3.4649   0.8816        10.4475         0.3368        13.4102  0.7791  0.0251  10
   5.7667   4.1517  22.0000   0.4243   3.4867   0.8833         7.0042         0.2321         8.9044  0.7866  0.0261  10
   5.7667   2.8907  26.0000   2.9031   3.3742   0.7310        35.0835         1.0842        32.4160  1.0823  0.0334  10
   5.7667   2.9477  26.0000   2.7296   3.4408   0.7392        32.7298         1.0075        30.1033  1.0872  0.0335  10
   3.5957   2.6207  30.0100   0.1833   2.5267   0.8349         2.4549         0.2100         3.5714  0.6874  0.0588   8
   3.5957   2.6057  30.0100   0.2259   2.5122   0.8335         3.1501         0.2683         4.4608  0.7062  0.0601   8
   5.7667   4.4587  18.0000   0.8180   2.5169   0.9223       303.5965         9.4532       320.4661  0.9474  0.0295  10
   5.7667   4.5057  18.0000   0.7032   2.5434   0.9246        78.0540         2.4578        85.8612  0.9091  0.0286  10
   5.7667   4.5507  18.0000   0.5934   2.5688   0.9267        35.6961         1.1402        38.9353  0.9168  0.0293  10
   5.7667   4.5717  18.0000   0.5421   2.5807   0.9277        25.6972         0.8399        28.1030  0.9144  0.0299  10
   5.7667   4.6107  18.0000   0.4469   2.6027   0.9294        13.3712         0.4556        15.7549  0.8487  0.0289  10
   5.7667   4.6487  18.0000   0.3542   2.6242   0.9310         7.5993         0.2770         9.0884  0.8362  0.0305  10
   5.7667   4.6837  18.0000   0.2687   2.6439   0.9325         4.4181         0.1802         5.5022  0.8030  0.0327  10
   5.7667   4.7157  18.0000   0.1906   2.6620   0.9337         2.5592         0.1245         3.4863  0.7341  0.0357  10
   5.7667   3.1797  22.0000   3.0646   2.6704   0.7905        57.0122         1.7285        53.7359  1.0610  0.0322  10
   5.7667   3.2437  22.0000   2.8907   2.7242   0.7986        54.7996         1.6732        50.6846  1.0812  0.0330  10
   5.7667   3.3037  22.0000   2.7277   2.7745   0.8059        51.5060         1.5712        47.8022  1.0775  0.0329  10
   5.7667   3.3607  22.0000   2.5729   2.8224   0.8126        48.0461         1.4544        45.0732  1.0660  0.0323  10
   5.7667   3.4157  22.0000   2.4235   2.8686   0.8189        44.7965         1.3712        42.4927  1.0542  0.0323  10
   5.7667   3.4677  22.0000   2.2822   2.9123   0.8246        42.6507         1.3078        40.1602  1.0620  0.0326  10
   5.7667   3.5177  22.0000   2.1464   2.9543   0.8299        40.7434         1.2378        38.1319  1.0685  0.0325  10
   5.7667   3.5657  22.0000   2.0160   2.9946   0.8349        38.3119         1.1838        36.5769  1.0474  0.0324  10
   5.7667   3.6117  22.0000   1.8911   3.0332   0.8394        36.4603         1.1332        35.7365  1.0203  0.0317  10
   5.7667   3.6557  22.0000   1.7716   3.0702   0.8437        36.1283         1.1098        35.8565  1.0076  0.0310  10
   5.7667   3.6987  22.0000   1.6548   3.1063   0.8477        35.3859         1.0804        37.1296  0.9530  0.0291  10
   5.7667   3.7387  22.0000   1.5461   3.1399   0.8514        36.0050         1.0988        39.4985  0.9116  0.0278  10
   5.7667   3.8157  22.0000   1.3370   3.2045   0.8581        40.3281         1.2354        47.7875  0.8439  0.0259  10
   5.7667   3.8867  22.0000   1.1441   3.2642   0.8640        55.2135         1.6960        64.6834  0.8536  0.0262  10
   5.7667   3.9207  22.0000   1.0517   3.2927   0.8667        74.5216         2.2994        85.5503  0.8711  0.0269  10
   5.7667   3.9847  22.0000   0.8779   3.3465   0.8716      3910.6976       121.3793      4256.9937  0.9187  0.0285  10
   5.7667   4.0147  22.0000   0.7964   3.3717   0.8738       101.3692         3.1712       105.1842  0.9637  0.0301  10
   5.7667   4.0717  22.0000   0.6416   3.4195   0.8779        25.0672         0.7938        25.9823  0.9648  0.0306  10
   5.7667   4.1257  22.0000   0.4949   3.4649   0.8816        10.4475         0.3368        11.0934  0.9418  0.0304  10
   5.7667   4.1517  22.0000   0.4243   3.4867   0.8833         7.0042         0.2321         7.7158  0.9078  0.0301  10
   5.7667   2.8907  26.0000   2.9031   3.3742   0.7310        35.0835         1.0842        32.4157  1.0823  0.0334  10
   5.7667   2.9477  26.0000   2.7296   3.4408   0.7392        32.7298         1.0075        30.0999  1.0874  0.0335  10
   3.5957   2.6207  30.0100   0.1833   2.5267   0.8349         2.4549         0.2100         3.4440  0.7128  0.0610   8
   3.5957   2.6057  30.0100   0.2259   2.5122   0.8335         3.1501         0.2683         4.3858  0.7182  0.0612   8
   5.7667   4.4587  18.0000   0.8180   2.5169   0.9223       303.5965         9.4532       266.4008  1.1396  0.0355  10
   5.7667   4.5057  18.0000   0.7032   2.5434   0.9246        78.0540         2.4578        74.9108  1.0420  0.0328  10
   5.7667   4.5507  18.0000   0.5934   2.5688   0.9267        35.6961         1.1402        35.4370  1.0073  0.0322  10
   5.7667   4.5717  18.0000   0.5421   2.5807   0.9277        25.6972         0.8399        26.0109  0.9879  0.0323  10
   5.7667   4.6107  18.0000   0.4469   2.6027   0.9294        13.3712         0.4556        14.9604  0.8938  0.0305  10
   5.7667   4.6487  18.0000   0.3542   2.6242   0.9310         7.5993         0.2770         8.7911  0.8644  0.0315  10
   5.7667   4.6837  18.0000   0.2687   2.6439   0.9325         4.4181         0.1802         5.3875  0.8201  0.0334  10
   5.7667   4.7157  18.0000   0.1906   2.6620   0.9337         2.5592         0.1245         3.4404  0.7439  0.0362  10
   5.7667   3.1797  22.0000   3.0646   2.6704   0.7905        57.0122         1.7285        53.7359  1.0610  0.0322  10
   5.7667   3.2437  22.0000   2.8907   2.7242   0.7986        54.7996         1.6732        50.6846  1.0812  0.0330  10
   5.7667   3.3037  22.0000   2.7277   2.7745   0.8059        51.5060         1.5712        47.8021  1.0775  0.0329  10
   5.7667   3.3607  22.0000   2.5729   2.8224   0.8126        48.0461         1.4544        45.0724  1.0660  0.0323  10
   5.7667   3.4157  22.0000   2.4235   2.8686   0.8189        44.7965         1.3712        42.4870  1.0544  0.0323  10
   5.7667   3.4677  22.0000   2.2822   2.9123   0.8246        42.6507         1.3078        40.1305  1.0628  0.0326  10
   5.7667   3.5177  22.0000   2.1464   2.9543   0.8299        40.7434         1.2378        38.0151  1.0718  0.0326  10
   5.7667   3.5657  22.0000   2.0160   2.9946   0.8349        38.3119         1.1838        36.2174  1.0578  0.0327  10
   5.7667   3.6117  22.0000   1.8911   3.0332   0.8394        36.4603         1.1332        34.8402  1.0465  0.0325  10
   5.7667   3.6557  22.0000   1.7716   3.0702   0.8437        36.1283         1.1098        33.9945  1.0628  0.0326  10
   5.7667   3.6987  22.0000   1.6548   3.1063   0.8477        35.3859         1.0804        33.7757  1.0477  0.0320  10
   5.7667   3.7387  22.0000   1.5461   3.1399   0.8514        36.0050         1.0988        34.2692  1.0507  0.0321  10
   5.7667   3.8157  22.0000   1.3370   3.2045   0.8581        40.3281         1.2354        38.0872  1.0588  0.0324  10
   5.7667   3.8867  22.0000   1.1441   3.2642   0.8640        55.2135         1.6960        50.0677  1.1028  0.0339  10
   5.7667   3.9207  22.0000   1.0517   3.2927   0.8667        74.5216         2.2994        66.8388  1.1149  0.0344  10
   5.7667   3.9847  22.0000   0.8779   3.3465   0.8716      3910.6976       121.3793      3502.9978  1.1164  0.0347  10
   5.7667   4.0147  22.0000   0.7964   3.3717   0.8738       101.3692         3.1712        89.4534  1.1332  0.0355  10
   5.7667   4.0717  22.0000   0.6416   3.4195   0.8779        25.0672         0.7938        23.4907  1.0671  0.0338  10
   5.7667   4.1257  22.0000   0.4949   3.4649   0.8816        10.4475         0.3368        10.4832  0.9966  0.0321  10
   5.7667   4.1517  22.0000   0.4243   3.4867   0.8833         7.0042         0.2321         7.4045  0.9459  0.0313  10
   5.7667   2.8907  26.0000   2.9031   3.3742   0.7310        35.0835         1.0842        32.4156  1.0823  0.0334  10
   5.7667   2.9477  26.0000   2.7296   3.4408   0.7392        32.7298         1.0075        30.0990  1.0874  0.0335  10
   3.5957   2.6207  30.0100   0.1833   2.5267   0.8349         2.4549         0.2100         3.3995  0.7221  0.0618   8
   3.5957   2.6057  30.0100   0.2259   2.5122   0.8335         3.1501         0.2683         4.3594  0.7226  0.0615   8
   5.7667   4.4587  18.0000   0.8180   2.5169   0.9223       303.5965         9.4532       247.4228  1.2270  0.0382  10
   5.7667   4.5057  18.0000   0.7032   2.5434   0.9246        78.0540         2.4578        71.1024  1.0978  0.0346  10
   5.7667   4.5507  18.0000   0.5934   2.5688   0.9267        35.6961         1.1402        34.2311  1.0428  0.0333  10
   5.7667   4.5717  18.0000   0.5421   2.5807   0.9277        25.6972         0.8399        25.2926  1.0160  0.0332  10
   5.7667   4.6107  18.0000   0.4469   2.6027   0.9294        13.3712         0.4556        14.6896  0.9102  0.0310  10
   5.7667   4.6487  18.0000   0.3542   2.6242   0.9310         7.5993         0.2770         8.6905  0.8744  0.0319  10
   5.7667   4.6837  18.0000   0.2687   2.6439   0.9325         4.4181         0.1802         5.3490  0.8260  0.0337  10
   5.7667   4.7157  18.0000   0.1906   2.6620   0.9337         2.5592         0.1245         3.4251  0.7472  0.0364  10
   5.7667   3.1797  22.0000   3.0646   2.6704   0.7905        57.0122         1.7285        53.7359  1.0610  0.0322  10
   5.7667   3.2437  22.0000   2.8907   2.7242   0.7986        54.7996         1.6732        50.6846  1.0812  0.0330  10
   5.7667   3.3037  22.0000   2.7277   2.7745   0.8059        51.5060         1.5712        47.8021  1.0775  0.0329  10
   5.7667   3.3607  22.0000   2.5729   2.8224   0.8126        48.0461         1.4544        45.0721  1.0660  0.0323  10
   5.7667   3.4157  22.0000   2.4235   2.8686   0.8189        44.7965         1.3712        42.4852  1.0544  0.0323  10
   5.7667   3.4677  22.0000   2.2822   2.9123   0.8246        42.6507         1.3078        40.1213  1.0630  0.0326  10
   5.7667   3.5177  22.0000   2.1464   2.9543   0.8299        40.7434         1.2378        37.9796  1.0728  0.0326  10
   5.7667   3.5657  22.0000   2.0160   2.9946   0.8349        38.3119         1.1838        36.1093  1.0610  0.0328  10
   5.7667   3.6117  22.0000   1.8911   3.0332   0.8394        36.4603         1.1332        34.5739  1.0546  0.0328  10
   5.7667   3.6557  22.0000   1.7716   3.0702   0.8437        36.1283         1.1098        33.4472  1.0802  0.0332  10
   5.7667   3.6987  22.0000   1.6548   3.1063   0.8477        35.3859         1.0804        32.8003  1.0788  0.0329  10
   5.7667   3.7387  22.0000   1.5461   3.1399   0.8514        36.0050         1.0988        32.7630  1.0990  0.0335  10
   5.7667   3.8157  22.0000   1.3370   3.2045   0.8581        40.3281         1.2354        35.3444  1.1410  0.0350  10
   5.7667   3.8867  22.0000   1.1441   3.2642   0.8640        55.2135         1.6960        46.0033  1.2002  0.0369  10
   5.7667   3.9207  22.0000   1.0517   3.2927   0.8667        74.5216         2.2994        61.6765  1.2083  0.0373  10
   5.7667   3.9847  22.0000   0.8779   3.3465   0.8716      3910.6976       121.3793      3298.0195  1.1858  0.0368  10
   5.7667   4.0147  22.0000   0.7964   3.3717   0.8738       101.3692         3.1712        85.2060  1.1897  0.0372  10
   5.7667   4.0717  22.0000   0.6416   3.4195   0.8779        25.0672         0.7938        22.8265  1.0982  0.0348  10
   5.7667   4.1257  22.0000   0.4949   3.4649   0.8816        10.4475         0.3368        10.3225  1.0121  0.0326  10
   5.7667   4.1517  22.0000   0.4243   3.4867   0.8833         7.0042         0.2321         7.3230  0.9565  0.0317  10
   5.7667   2.8907  26.0000   2.9031   3.3742   0.7310        35.0835         1.0842        32.4156  1.0823  0.0334  10
   5.7667   2.9477  26.0000   2.7296   3.4408   0.7392        32.7298         1.0075        30.0987  1.0874  0.0335  10
   3.5957   2.6207  30.0100   0.1833   2.5267   0.8349         2.4549         0.2100         3.3839  0.7255  0.0621   8
   3.5957   2.6057  30.0100   0.2259   2.5122   0.8335         3.1501         0.2683         4.3501  0.7241  0.0617   8
   5.7667   4.4587  18.0000   0.8180   2.5169   0.9223       303.5965         9.4532       240.7612  1.2610  0.0393  10
   5.7667   4.5057  18.0000   0.7032   2.5434   0.9246        78.0540         2.4578        69.7779  1.1186  0.0352  10
   5.7667   4.5507  18.0000   0.5934   2.5688   0.9267        35.6961         1.1402        33.8153  1.0556  0.0337  10
   5.7667   4.5717  18.0000   0.5421   2.5807   0.9277        25.6972         0.8399        25.0460  1.0260  0.0335  10
   5.7667   4.6107  18.0000   0.4469   2.6027   0.9294        13.3712         0.4556        14.5973  0.9160  0.0312  10
   5.7667   4.6487  18.0000   0.3542   2.6242   0.9310         7.5993         0.2770         8.6564  0.8779  0.0320  10
   5.7667   4.6837  18.0000   0.2687   2.6439   0.9325         4.4181         0.1802         5.3360  0.8280  0.0338  10
   5.7667   4.7157  18.0000   0.1906   2.6620   0.9337         2.5592         0.1245         3.4199  0.7483  0.0364  10
   5.7667   3.1797  22.0000   3.0646   2.6704   0.7905        57.0122         1.7285        53.7359  1.0610  0.0322  10
   5.7667   3.2437  22.0000   2.8907   2.7242   0.7986        54.7996         1.6732        50.6846  1.0812  0.0330  10
   5.7667   3.3037  22.0000   2.7277   2.7745   0.8059        51.5060         1.5712        47.8021  1.0775  0.0329  10
   5.7667   3.3607  22.0000   2.5729   2.8224   0.8126        48.0461         1.4544        45.0721  1.0660  0.0323  10
   5.7667   3.4157  22.0000   2.4235   2.8686   0.8189        44.7965         1.3712        42.4846  1.0544  0.0323  10
   5.7667   3.4677  22.0000   2.2822   2.9123   0.8246        42.6507         1.3078        40.1185  1.0631  0.0326  10
   5.7667   3.5177  22.0000   2.1464   2.9543   0.8299        40.7434         1.2378        37.9688  1.0731  0.0326  10
   5.7667   3.5657  22.0000   2.0160   2.9946   0.8349        38.3119         1.1838        36.0768  1.0620  0.0328  10
   5.7667   3.6117  22.0000   1.8911   3.0332   0.8394        36.4603         1.1332        34.4948  1.0570  0.0329  10
   5.7667   3.6557  22.0000   1.7716   3.0702   0.8437        36.1283         1.1098        33.2863  1.0854  0.0333  10
   5.7667   3.6987  22.0000   1.6548   3.1063   0.8477        35.3859         1.0804        32.5166  1.0882  0.0332  10
   5.7667   3.7387  22.0000   1.5461   3.1399   0.8514        36.0050         1.0988        32.3291  1.1137  0.0340  10
   5.7667   3.8157  22.0000   1.3370   3.2045   0.8581        40.3281         1.2354        34.5688  1.1666  0.0357  10
   5.7667   3.8867  22.0000   1.1441   3.2642   0.8640        55.2135         1.6960        44.8731  1.2304  0.0378  10
   5.7667   3.9207  22.0000   1.0517   3.2927   0.8667        74.5216         2.2994        60.2523  1.2368  0.0382  10
   5.7667   3.9847  22.0000   0.8779   3.3465   0.8716      3910.6976       121.3793      3242.2949  1.2062  0.0374  10
   5.7667   4.0147  22.0000   0.7964   3.3717   0.8738       101.3692         3.1712        84.0592  1.2059  0.0377  10
   5.7667   4.0717  22.0000   0.6416   3.4195   0.8779        25.0672         0.7938        22.6494  1.1067  0.0350  10
   5.7667   4.1257  22.0000   0.4949   3.4649   0.8816        10.4475         0.3368        10.2801  1.0163  0.0328  10
   5.7667   4.1517  22.0000   0.4243   3.4867   0.8833         7.0042         0.2321         7.3017  0.9593  0.0318  10
   5.7667   2.8907  26.0000   2.9031   3.3742   0.7310        35.0835         1.0842        32.4156  1.0823  0.0334  10
   5.7667   2.9477  26.0000   2.7296   3.4408   0.7392        32.7298         1.0075        30.0986  1.0874  0.0335  10
   3.5957   2.6207  30.0100   0.1833   2.5267   0.8349         2.4549         0.2100         3.3785  0.7266  0.0622   8
   3.5957   2.6057  30.0100   0.2259   2.5122   0.8335         3.1501         0.2683         4.3468  0.7247  0.0617   8
   5.7667   4.4587  18.0000   0.8180   2.5169   0.9223       303.5965         9.4532       238.4229  1.2734  0.0396  10
   5.7667   4.5057  18.0000   0.7032   2.5434   0.9246        78.0540         2.4578        69.3173  1.1260  0.0355  10
   5.7667   4.5507  18.0000   0.5934   2.5688   0.9267        35.6961         1.1402        33.6720  1.0601  0.0339  10
   5.7667   4.5717  18.0000   0.5421   2.5807   0.9277        25.6972         0.8399        24.9613  1.0295  0.0336  10
   5.7667   4.6107  18.0000   0.4469   2.6027   0.9294        13.3712         0.4556        14.5659  0.9180  0.0313  10
   5.7667   4.6487  18.0000   0.3542   2.6242   0.9310         7.5993         0.2770         8.6449  0.8790  0.0320  10
   5.7667   4.6837  18.0000   0.2687   2.6439   0.9325         4.4181         0.1802         5.3316  0.8287  0.0338  10
   5.7667   4.7157  18.0000   0.1906   2.6620   0.9337         2.5592         0.1245         3.4182  0.7487  0.0364  10
   5.7667   3.1797  22.0000   3.0646   2.6704   0.7905        57.0122         1.7285        53.7359  1.0610  0.0322  10
   5.7667   3.2437  22.0000   2.8907   2.7242   0.7986        54.7996         1.6732        50.6846  1.0812  0.0330  10
   5.7667   3.3037  22.0000   2.7277   2.7745   0.8059        51.5060         1.5712        47.8021  1.0775  0.0329  10
   5.7667   3.3607  22.0000   2.5729   2.8224   0.8126        48.0461         1.4544        45.0720  1.0660  0.0323  10
   5.7667   3.4157  22.0000   2.4235   2.8686   0.8189        44.7965         1.3712        42.4845  1.0544  0.0323  10
   5.7667   3.4677  22.0000   2.2822   2.9123   0.8246        42.6507         1.3078        40.1176  1.0631  0.0326  10
   5.7667   3.5177  22.0000   2.1464   2.9543   0.8299        40.7434         1.2378        37.9655  1.0732  0.0326  10
   5.7667   3.5657  22.0000   2.0160   2.9946   0.8349        38.3119         1.1838        36.0671  1.0622  0.0328  10
   5.7667   3.6117  22.0000   1.8911   3.0332   0.8394        36.4603         1.1332        34.4712  1.0577  0.0329  10
   5.7667   3.6557  22.0000   1.7716   3.0702   0.8437        36.1283         1.1098        33.2390  1.0869  0.0334  10
   5.7667   3.6987  22.0000   1.6548   3.1063   0.8477        35.3859         1.0804        32.4341  1.0910  0.0333  10
   5.7667   3.7387  22.0000   1.5461   3.1399   0.8514        36.0050         1.0988        32.2042  1.1180  0.0341  10
   5.7667   3.8157  22.0000   1.3370   3.2045   0.8581        40.3281         1.2354        34.3494  1.1741  0.0360  10
   5.7667   3.8867  22.0000   1.1441   3.2642   0.8640        55.2135         1.6960        44.5589  1.2391  0.0381  10
   5.7667   3.9207  22.0000   1.0517   3.2927   0.8667        74.5216         2.2994        59.8594  1.2449  0.0384  10
   5.7667   3.9847  22.0000   0.8779   3.3465   0.8716      3910.6976       121.3793      3227.1459  1.2118  0.0376  10
   5.7667   4.0147  22.0000   0.7964   3.3717   0.8738       101.3692         3.1712        83.7495  1.2104  0.0379  10
   5.7667   4.0717  22.0000   0.6416   3.4195   0.8779        25.0672         0.7938        22.6022  1.1091  0.0351  10
   5.7667   4.1257  22.0000   0.4949   3.4649   0.8816        10.4475         0.3368        10.2690  1.0174  0.0328  10
   5.7667   4.1517  22.0000   0.4243   3.4867   0.8833         7.0042         0.2321         7.2961  0.9600  0.0318  10
   5.7667   2.8907  26.0000   2.9031   3.3742   0.7310        35.0835         1.0842        32.4156  1.0823  0.0334  10
   5.7667   2.9477  26.0000   2.7296   3.4408   0.7392        32.7298         1.0075        30.0986  1.0874  0.0335  10
   3.5957   2.6207  30.0100   0.1833   2.5267   0.8349         2.4549         0.2100         3.3766  0.7270  0.0622   8
   3.5957   2.6057  30.0100   0.2259   2.5122   0.8335         3.1501         0.2683         4.3457  0.7249  0.0617   8
   5.7667   4.4587  18.0000   0.8180   2.5169   0.9223       303.5965         9.4532       237.6021  1.2778  0.0398  10
   5.7667   4.5057  18.0000   0.7032   2.5434   0.9246        78.0540         2.4578        69.1571  1.1286  0.0355  10
   5.7667   4.5507  18.0000   0.5934   2.5688   0.9267        35.6961         1.1402        33.6226  1.0617  0.0339  10
   5.7667   4.5717  18.0000   0.5421   2.5807   0.9277        25.6972         0.8399        24.9323  1.0307  0.0337  10
   5.7667   4.6107  18.0000   0.4469   2.6027   0.9294        13.3712         0.4556        14.5552  0.9187  0.0313  10
   5.7667   4.6487  18.0000   0.3542   2.6242   0.9310         7.5993         0.2770         8.6410  0.8794  0.0321  10
   5.7667   4.6837  18.0000   0.2687   2.6439   0.9325         4.4181         0.1802         5.3302  0.8289  0.0338  10
   5.7667   4.7157  18.0000   0.1906   2.6620   0.9337         2.5592         0.1245         3.4177  0.7488  0.0364  10
   5.7667   3.1797  22.0000   3.0646   2.6704   0.7905        57.0122         1.7285        53.7359  1.0610  0.0322  10
   5.7667   3.2437  22.0000   2.8907   2.7242   0.7986        54.7996         1.6732        50.6846  1.0812  0.0330  10
   5.7667   3.3037  22.0000   2.7277   2.7745   0.8059        51.5060         1.5712        47.8021  1.0775  0.0329  10
   5.7667   3.3607  22.0000   2.5729   2.8224   0.8126        48.0461         1.4544        45.0720  1.0660  0.0323  10
   5.7667   3.4157  22.0000   2.4235   2.8686   0.8189        44.7965         1.3712        42.4844  1.0544  0.0323  10
   5.7667   3.4677  22.0000   2.2822   2.9123   0.8246        42.6507         1.3078        40.1174  1.0631  0.0326  10
   5.7667   3.5177  22.0000   2.1464   2.9543   0.8299        40.7434         1.2378        37.9645  1.0732  0.0326  10
   5.7667   3.5657  22.0000   2.0160   2.9946   0.8349        38.3119         1.1838        36.0641  1.0623  0.0328  10
   5.7667   3.6117  22.0000   1.8911   3.0332   0.8394        36.4603         1.1332        34.4642  1.0579  0.0329  10
   5.7667   3.6557  22.0000   1.7716   3.0702   0.8437        36.1283         1.1098        33.2251  1.0874  0.0334  10
   5.7667   3.6987  22.0000   1.6548   3.1063   0.8477        35.3859         1.0804        32.4101  1.0918  0.0333  10
   5.7667   3.7387  22.0000   1.5461   3.1399   0.8514        36.0050         1.0988        32.1682  1.1193  0.0342  10
   5.7667   3.8157  22.0000   1.3370   3.2045   0.8581        40.3281         1.2354        34.2874  1.1762  0.0360  10
   5.7667   3.8867  22.0000   1.1441   3.2642   0.8640        55.2135         1.6960        44.4715  1.2415  0.0381  10
   5.7667   3.9207  22.0000   1.0517   3.2927   0.8667        74.5216         2.2994        59.7510  1.2472  0.0385  10
   5.7667   3.9847  22.0000   0.8779   3.3465   0.8716      3910.6976       121.3793      3223.0275  1.2134  0.0377  10
   5.7667   4.0147  22.0000   0.7964   3.3717   0.8738       101.3692         3.1712        83.6659  1.2116  0.0379  10
   5.7667   4.0717  22.0000   0.6416   3.4195   0.8779        25.0672         0.7938        22.5897  1.1097  0.0351  10
   5.7667   4.1257  22.0000   0.4949   3.4649   0.8816        10.4475         0.3368        10.2660  1.0177  0.0328  10
   5.7667   4.1517  22.0000   0.4243   3.4867   0.8833         7.0042         0.2321         7.2946  0.9602  0.0318  10
   5.7667   2.8907  26.0000   2.9031   3.3742   0.7310        35.0835         1.0842        32.4156  1.0823  0.0334  10
   5.7667   2.9477  26.0000   2.7296   3.4408   0.7392        32.7298         1.0075        30.0986  1.0874  0.0335  10
   3.5957   2.6207  30.0100   0.1833   2.5267   0.8349         2.4549         0.2100         3.3759  0.7272  0.0622   8
   3.5957   2.6057  30.0100   0.2259   2.5122   0.8335         3.1501         0.2683         4.3453  0.7249  0.0617   8
   5.7667   4.4587  18.0000   0.8180   2.5169   0.9223       303.5965         9.4532       237.3140  1.2793  0.0398  10
   5.7667   4.5057  18.0000   0.7032   2.5434   0.9246        78.0540         2.4578        69.1014  1.1296  0.0356  10
   5.7667   4.5507  18.0000   0.5934   2.5688   0.9267        35.6961         1.1402        33.6056  1.0622  0.0339  10
   5.7667   4.5717  18.0000   0.5421   2.5807   0.9277        25.6972         0.8399        24.9223  1.0311  0.0337  10
   5.7667   4.6107  18.0000   0.4469   2.6027   0.9294        13.3712         0.4556        14.5515  0.9189  0.0313  10
   5.7667   4.6487  18.0000   0.3542   2.6242   0.9310         7.5993         0.2770         8.6397  0.8796  0.0321  10
   5.7667   4.6837  18.0000   0.2687   2.6439   0.9325         4.4181         0.1802         5.3297  0.8290  0.0338  10
   5.7667   4.7157  18.0000   0.1906   2.6620   0.9337         2.5592         0.1245         3.4175  0.7488  0.0364  10
   5.7667   3.1797  22.0000   3.0646   2.6704   0.7905        57.0122         1.7285        53.7359  1.0610  0.0322  10
   5.7667   3.2437  22.0000   2.8907   2.7242   0.7986        54.7996         1.6732        50.6846  1.0812  0.0330  10
   5.7667   3.3037  22.0000   2.7277   2.7745   0.8059        51.5060         1.5712        47.8021  1.0775  0.0329  10
   5.7667   3.3607  22.0000   2.5729   2.8224   0.8126        48.0461         1.4544        45.0720  1.0660  0.0323  10
   5.7667   3.4157  22.0000   2.4235   2.8686   0.8189        44.7965         1.3712        42.4844  1.0544  0.0323  10
   5.7667   3.4677  22.0000   2.2822   2.9123   0.8246        42.6507         1.3078        40.1173  1.0631  0.0326  10
   5.7667   3.5177  22.0000   2.1464   2.9543   0.8299        40.7434         1.2378        37.9642  1.0732  0.0326  10
   5.7667   3.5657  22.0000   2.0160   2.9946   0.8349        38.3119         1.1838        36.0632  1.0624  0.0328  10
   5.7667   3.6117  22.0000   1.8911   3.0332   0.8394        36.4603         1.1332        34.4622  1.0580  0.0329  10
   5.7667   3.6557  22.0000   1.7716   3.0702   0.8437        36.1283         1.1098        33.2211  1.0875  0.0334  10
   5.7667   3.6987  22.0000   1.6548   3.1063   0.8477        35.3859         1.0804        32.4031  1.0921  0.0333  10
   5.7667   3.7387  22.0000   1.5461   3.1399   0.8514        36.0050         1.0988        32.1578  1.1196  0.0342  10
   5.7667   3.8157  22.0000   1.3370   3.2045   0.8581        40.3281         1.2354        34.2699  1.1768  0.0360  10
   5.7667   3.8867  22.0000   1.1441   3.2642   0.8640        55.2135         1.6960        44.4472  1.2422  0.0382  10
   5.7667   3.9207  22.0000   1.0517   3.2927   0.8667        74.5216         2.2994        59.7211  1.2478  0.0385  10
   5.7667   3.9847  22.0000   0.8779   3.3465   0.8716      3910.6976       121.3793      3221.9079  1.2138  0.0377  10
   5.7667   4.0147  22.0000   0.7964   3.3717   0.8738       101.3692         3.1712        83.6433  1.2119  0.0379  10
   5.7667   4.0717  22.0000   0.6416   3.4195   0.8779        25.0672         0.7938        22.5863  1.1098  0.0351  10
   5.7667   4.1257  22.0000   0.4949   3.4649   0.8816        10.4475         0.3368        10.2653  1.0178  0.0328  10
   5.7667   4.1517  22.0000   0.4243   3.4867   0.8833         7.0042         0.2321         7.2943  0.9602  0.0318  10
   5.7667   2.8907  26.0000   2.9031   3.3742   0.7310        35.0835         1.0842        32.4156  1.0823  0.0334  10
   5.7667   2.9477  26.0000   2.7296   3.4408   0.7392        32.7298         1.0075        30.0986  1.0874  0.0335  10
   3.5957   2.6207  30.0100   0.1833   2.5267   0.8349         2.4549         0.2100         3.3757  0.7272  0.0622   8
   3.5957   2.6057  30.0100   0.2259   2.5122   0.8335         3.1501         0.2683         4.3451  0.7250  0.0617   8
   5.7667   4.4587  18.0000   0.8180   2.5169   0.9223       303.5965         9.4532       237.2128  1.2798  0.0399  10
   5.7667   4.5057  18.0000   0.7032   2.5434   0.9246        78.0540         2.4578        69.0820  1.1299  0.0356  10
   5.7667   4.5507  18.0000   0.5934   2.5688   0.9267        35.6961         1.1402        33.5997  1.0624  0.0339  10
   5.7667   4.5717  18.0000   0.5421   2.5807   0.9277        25.6972         0.8399        24.9189  1.0312  0.0337  10
   5.7667   4.6107  18.0000   0.4469   2.6027   0.9294        13.3712         0.4556        14.5503  0.9190  0.0313  10
   5.7667   4.6487  18.0000   0.3542   2.6242   0.9310         7.5993         0.2770         8.6393  0.8796  0.0321  10
   5.7667   4.6837  18.0000   0.2687   2.6439   0.9325         4.4181         0.1802         5.3295  0.8290  0.0338  10
   5.7667   4.7157  18.0000   0.1906   2.6620   0.9337         2.5592         0.1245         3.4174  0.7489  0.0364  10
   5.7667   3.1797  22.0000   3.0646   2.6704   0.7905        57.0122         1.7285        53.7359  1.0610  0.0322  10
   5.7667   3.2437  22.0000   2.8907   2.7242   0.7986        54.7996         1.6732        50.6846  1.0812  0.0330  10
   5.7667   3.3037  22.0000   2.7277   2.7745   0.8059        51.5060         1.5712        47.8021  1.0775  0.0329  10
   5.7667   3.3607  22.0000   2.5729   2.8224   0.8126        48.0461         1.4544        45.0720  1.0660  0.0323  10
   5.7667   3.4157  22.0000   2.4235   2.8686   0.8189        44.7965         1.3712        42.4844  1.0544  0.0323  10
   5.7667   3.4677  22.0000   2.2822   2.9123   0.8246        42.6507         1.3078        40.1173  1.0632  0.0326  10
   5.7667   3.5177  22.0000   2.1464   2.9543   0.8299        40.7434         1.2378        37.9641  1.0732  0.0326  10
   5.7667   3.5657  22.0000   2.0160   2.9946   0.8349        38.3119         1.1838        36.0630  1.0624  0.0328  10
   5.7667   3.6117  22.0000   1.8911   3.0332   0.8394        36.4603         1.1332        34.4616  1.0580  0.0329  10
   5.7667   3.6557  22.0000   1.7716   3.0702   0.8437        36.1283         1.1098        33.2199  1.0876  0.0334  10
   5.7667   3.6987  22.0000   1.6548   3.1063   0.8477        35.3859         1.0804        32.4011  1.0921  0.0333  10
   5.7667   3.7387  22.0000   1.5461   3.1399   0.8514        36.0050         1.0988        32.1548  1.1197  0.0342  10
   5.7667   3.8157  22.0000   1.3370   3.2045   0.8581        40.3281         1.2354        34.2649  1.1770  0.0361  10
   5.7667   3.8867  22.0000   1.1441   3.2642   0.8640        55.2135         1.6960        44.4404  1.2424  0.0382  10
   5.7667   3.9207  22.0000   1.0517   3.2927   0.8667        74.5216         2.2994        59.7128  1.2480  0.0385  10
   5.7667   3.9847  22.0000   0.8779   3.3465   0.8716      3910.6976       121.3793      3221.6035  1.2139  0.0377  10
   5.7667   4.0147  22.0000   0.7964   3.3717   0.8738       101.3692         3.1712        83.6372  1.2120  0.0379  10
   5.7667   4.0717  22.0000   0.6416   3.4195   0.8779        25.0672         0.7938        22.5854  1.1099  0.0351  10
   5.7667   4.1257  22.0000   0.4949   3.4649   0.8816        10.4475         0.3368        10.2651  1.0178  0.0328  10
   5.7667   4.1517  22.0000   0.4243   3.4867   0.8833         7.0042         0.2321         7.2942  0.9603  0.0318  10
   5.7667   2.8907  26.0000   2.9031   3.3742   0.7310        35.0835         1.0842        32.4156  1.0823  0.0334  10
   5.7667   2.9477  26.0000   2.7296   3.4408   0.7392        32.7298         1.0075        30.0986  1.0874  0.0335  10
   3.5957   2.6207  30.0100   0.1833   2.5267   0.8349         2.4549         0.2100         3.3756  0.7273  0.0622   8
   3.5957   2.6057  30.0100   0.2259   2.5122   0.8335         3.1501         0.2683         4.3451  0.7250  0.0617   8
   5.7667   4.4587  18.0000   0.8180   2.5169   0.9223       303.5965         9.4532       237.1773  1.2800  0.0399  10
   5.7667   4.5057  18.0000   0.7032   2.5434   0.9246        78.0540         2.4578        69.0753  1.1300  0.0356  10
   5.7667   4.5507  18.0000   0.5934   2.5688   0.9267        35.6961         1.1402        33.5977  1.0625  0.0339  10
   5.7667   4.5717  18.0000   0.5421   2.5807   0.9277        25.6972         0.8399        24.9177  1.0313  0.0337  10
   5.7667   4.6107  18.0000   0.4469   2.6027   0.9294        13.3712         0.4556        14.5499  0.9190  0.0313  10
   5.7667   4.6487  18.0000   0.3542   2.6242   0.9310         7.5993         0.2770         8.6391  0.8796  0.0321  10
   5.7667   4.6837  18.0000   0.2687   2.6439   0.9325         4.4181         0.1802         5.3295  0.8290  0.0338  10
   5.7667   4.7157  18.0000   0.1906   2.6620   0.9337         2.5592         0.1245         3.4174  0.7489  0.0364  10
   5.7667   3.1797  22.0000   3.0646   2.6704   0.7905        57.0122         1.7285        53.7359  1.0610  0.0322  10
   5.7667   3.2437  22.0000   2.8907   2.7242   0.7986        54.7996         1.6732        50.6846  1.0812  0.0330  10
   5.7667   3.3037  22.0000   2.7277   2.7745   0.8059        51.5060         1.5712        47.8021  1.0775  0.0329  10
   5.7667   3.3607  22.0000   2.5729   2.8224   0.8126        48.0461         1.4544        45.0720  1.0660  0.0323  10
   5.7667   3.4157  22.0000   2.4235   2.8686   0.8189        44.7965         1.3712        42.4844  1.0544  0.0323  10
   5.7667   3.4677  22.0000   2.2822   2.9123   0.8246        42.6507         1.3078        40.1173  1.0632  0.0326  10
   5.7667   3.5177  22.0000   2.1464   2.9543   0.8299        40.7434         1.2378        37.9641  1.0732  0.0326  10
   5.7667   3.5657  22.0000   2.0160   2.9946   0.8349        38.3119         1.1838        36.0629  1.0624  0.0328  10
   5.7667   3.6117  22.0000   1.8911   3.0332   0.8394        36.4603         1.1332        34.4614  1.0580  0.0329  10
   5.7667   3.6557  22.0000   1.7716   3.0702   0.8437        36.1283         1.1098        33.2195  1.0876  0.0334  10
   5.7667   3.6987  22.0000   1.6548   3.1063   0.8477        35.3859         1.0804        32.4005  1.0921  0.0333  10
   5.7667   3.7387  22.0000   1.5461   3.1399   0.8514        36.0050         1.0988        32.1540  1.1198  0.0342  10
   5.7667   3.8157  22.0000   1.3370   3.2045   0.8581        40.3281         1.2354        34.2635  1.1770  0.0361  10
   5.7667   3.8867  22.0000   1.1441   3.2642   0.8640        55.2135         1.6960        44.4385  1.2425  0.0382  10
   5.7667   3.9207  22.0000   1.0517   3.2927   0.8667        74.5216         2.2994        59.7105  1.2480  0.0385  10
   5.7667   3.9847  22.0000   0.8779   3.3465   0.8716      3910.6976       121.3793      3221.5208  1.2139  0.0377  10
   5.7667   4.0147  22.0000   0.7964   3.3717   0.8738       101.3692         3.1712        83.6356  1.2120  0.0379  10
   5.7667   4.0717  22.0000   0.6416   3.4195   0.8779        25.0672         0.7938        22.5852  1.1099  0.0351  10
   5.7667   4.1257  22.0000   0.4949   3.4649   0.8816        10.4475         0.3368        10.2650  1.0178  0.0328  10
   5.7667   4.1517  22.0000   0.4243   3.4867   0.8833         7.0042         0.2321         7.2941  0.9603  0.0318  10
   5.7667   2.8907  26.0000   2.9031   3.3742   0.7310        35.0835         1.0842        32.4156  1.0823  0.0334  10
   5.7667   2.9477  26.0000   2.7296   3.4408   0.7392        32.7298         1.0075        30.0986  1.0874  0.0335  10
   3.5957   2.6207  30.0100   0.1833   2.5267   0.8349         2.4549         0.2100         3.3755  0.7273  0.0622   8
   3.5957   2.6057  30.0100   0.2259   2.5122   0.8335         3.1501         0.2683         4.3451  0.7250  0.0617   8
   5.7667   4.4587  18.0000   0.8180   2.5169   0.9223       303.5965         9.4532       237.1649  1.2801  0.0399  10
   5.7667   4.5057  18.0000   0.7032   2.5434   0.9246        78.0540         2.4578        69.0730  1.1300  0.0356  10
   5.7667   4.5507  18.0000   0.5934   2.5688   0.9267        35.6961         1.1402        33.5970  1.0625  0.0339  10
   5.7667   4.5717  18.0000   0.5421   2.5807   0.9277        25.6972         0.8399        24.9173  1.0313  0.0337  10
   5.7667   4.6107  18.0000   0.4469   2.6027   0.9294        13.3712         0.4556        14.5497  0.9190  0.0313  10
   5.7667   4.6487  18.0000   0.3542   2.6242   0.9310         7.5993         0.2770         8.6391  0.8796  0.0321  10
   5.7667   4.6837  18.0000   0.2687   2.6439   0.9325         4.4181         0.1802         5.3294  0.8290  0.0338  10
   5.7667   4.7157  18.0000   0.1906   2.6620   0.9337         2.5592         0.1245         3.4174  0.7489  0.0364  10
   5.7667   3.1797  22.0000   3.0646   2.6704   0.7905        57.0122         1.7285        53.7359  1.0610  0.0322  10
   5.7667   3.2437  22.0000   2.8907   2.7242   0.7986        54.7996         1.6732        50.6846  1.0812  0.0330  10
   5.7667   3.3037  22.0000   2.7277   2.7745   0.8059        51.5060         1.5712        47.8021  1.0775  0.0329  10
   5.7667   3.3607  22.0000   2.5729   2.8224   0.8126        48.0461         1.4544        45.0720  1.0660  0.0323  10
   5.7667   3.4157  22.0000   2.4235   2.8686   0.8189        44.7965         1.3712        42.4844  1.0544  0.0323  10
   5.7667   3.4677  22.0000   2.2822   2.9123   0.8246        42.6507         1.3078        40.1173  1.0632  0.0326  10
   5.7667   3.5177  22.0000   2.1464   2.9543   0.8299        40.7434         1.2378        37.9641  1.0732  0.0326  10
   5.7667   3.5657  22.0000   2.0160   2.9946   0.8349        38.3119         1.1838        36.0629  1.0624  0.0328  10
   5.7667   3.6117  22.0000   1.8911   3.0332   0.8394        36.4603         1.1332        34.4613  1.0580  0.0329  10
   5.7667   3.6557  22.0000   1.7716   3.0702   0.8437        36.1283         1.1098        33.2194  1.0876  0.0334  10
   5.7667   3.6987  22.0000   1.6548   3.1063   0.8477        35.3859         1.0804        32.4003  1.0921  0.0333  10
   5.7667   3.7387  22.0000   1.5461   3.1399   0.8514        36.0050         1.0988        32.1537  1.1198  0.0342  10
   5.7667   3.8157  22.0000   1.3370   3.2045   0.8581        40.3281         1.2354        34.2631  1.1770  0.0361  10
   5.7667   3.8867  22.0000   1.1441   3.2642   0.8640        55.2135         1.6960        44.4380  1.2425  0.0382  10
   5.7667   3.9207  22.0000   1.0517   3.2927   0.8667        74.5216         2.2994        59.7099  1.2481  0.0385  10
   5.7667   3.9847  22.0000   0.8779   3.3465   0.8716      3910.6976       121.3793      3221.4983  1.2139  0.0377  10
   5.7667   4.0147  22.0000   0.7964   3.3717   0.8738       101.3692         3.1712        83.6351  1.2120  0.0379  10
   5.7667   4.0717  22.0000   0.6416   3.4195   0.8779        25.0672         0.7938        22.5851  1.1099  0.0351  10
   5.7667   4.1257  22.0000   0.4949   3.4649   0.8816        10.4475         0.3368        10.2650  1.0178  0.0328  10
   5.7667   4.1517  22.0000   0.4243   3.4867   0.8833         7.0042         0.2321         7.2941  0.9603  0.0318  10
   5.7667   2.8907  26.0000   2.9031   3.3742   0.7310        35.0835         1.0842        32.4156  1.0823  0.0334  10
   5.7667   2.9477  26.0000   2.7296   3.4408   0.7392        32.7298         1.0075        30.0986  1.0874  0.0335  10
   3.5957   2.6207  30.0100   0.1833   2.5267   0.8349         2.4549         0.2100         3.3755  0.7273  0.0622   8
   3.5957   2.6057  30.0100   0.2259   2.5122   0.8335         3.1501         0.2683         4.3451  0.7250  0.0617   8
   5.7667   4.4587  18.0000   0.8180   2.5169   0.9223       303.5965         9.4532       237.1605  1.2801  0.0399  10
   5.7667   4.5057  18.0000   0.7032   2.5434   0.9246        78.0540         2.4578        69.0721  1.1300  0.0356  10
   5.7667   4.5507  18.0000   0.5934   2.5688   0.9267        35.6961         1.1402        33.5967  1.0625  0.0339  10
   5.7667   4.5717  18.0000   0.5421   2.5807   0.9277        25.6972         0.8399        24.9171  1.0313  0.0337  10
   5.7667   4.6107  18.0000   0.4469   2.6027   0.9294        13.3712         0.4556        14.5497  0.9190  0.0313  10
   5.7667   4.6487  18.0000   0.3542   2.6242   0.9310         7.5993         0.2770         8.6391  0.8796  0.0321  10
   5.7667   4.6837  18.0000   0.2687   2.6439   0.9325         4.4181         0.1802         5.3294  0.8290  0.0338  10
   5.7667   4.7157  18.0000   0.1906   2.6620   0.9337         2.5592         0.1245         3.4174  0.7489  0.0364  10
   5.7667   3.1797  22.0000   3.0646   2.6704   0.7905        57.0122         1.7285        53.7359  1.0610  0.0322  10
   5.7667   3.2437  22.0000   2.8907   2.7242   0.7986        54.7996         1.6732        50.6846  1.0812  0.0330  10
   5.7667   3.3037  22.0000   2.7277   2.7745   0.8059        51.5060         1.5712        47.8021  1.0775  0.0329  10
   5.7667   3.3607  22.0000   2.5729   2.8224   0.8126        48.0461         1.4544        45.0720  1.0660  0.0323  10
   5.7667   3.4157  22.0000   2.4235   2.8686   0.8189        44.7965         1.3712        42.4844  1.0544  0.0323  10
   5.7667   3.4677  22.0000   2.2822   2.9123   0.8246        42.6507         1.3078        40.1173  1.0632  0.0326  10
   5.7667   3.5177  22.0000   2.1464   2.9543   0.8299        40.7434         1.2378        37.9641  1.0732  0.0326  10
   5.7667   3.5657  22.0000   2.0160   2.9946   0.8349        38.3119         1.1838        36.0629  1.0624  0.0328  10
   5.7667   3.6117  22.0000   1.8911   3.0332   0.8394        36.4603         1.1332        34.4613  1.0580  0.0329  10
   5.7667   3.6557  22.0000   1.7716   3.0702   0.8437        36.1283         1.1098        33.2194  1.0876  0.0334  10
   5.7667   3.6987  22.0000   1.6548   3.1063   0.8477        35.3859         1.0804        32.4003  1.0921  0.0333  10
   5.7667   3.7387  22.0000   1.5461   3.1399   0.8514        36.0050         1.0988        32.1536  1.1198  0.0342  10
   5.7667   3.8157  22.0000   1.3370   3.2045   0.8581        40.3281         1.2354        34.2630  1.1770  0.0361  10
   5.7667   3.8867  22.0000   1.1441   3.2642   0.8640        55.2135         1.6960        44.4379  1.2425  0.0382  10
   5.7667   3.9207  22.0000   1.0517   3.2927   0.8667        74.5216         2.2994        59.7097  1.2481  0.0385  10
   5.7667   3.9847  22.0000   0.8779   3.3465   0.8716      3910.6976       121.3793      3221.4922  1.2139  0.0377  10
   5.7667   4.0147  22.0000   0.7964   3.3717   0.8738       101.3692         3.1712        83.6350  1.2120  0.0379  10
   5.7667   4.0717  22.0000   0.6416   3.4195   0.8779        25.0672         0.7938        22.5851  1.1099  0.0351  10
   5.7667   4.1257  22.0000   0.4949   3.4649   0.8816        10.4475         0.3368        10.2650  1.0178  0.0328  10
   5.7667   4.1517  22.0000   0.4243   3.4867   0.8833         7.0042         0.2321         7.2941  0.9603  0.0318  10
   5.7667   2.8907  26.0000   2.9031   3.3742   0.7310        35.0835         1.0842        32.4156  1.0823  0.0334  10
   5.7667   2.9477  26.0000   2.7296   3.4408   0.7392        32.7298         1.0075        30.0986  1.0874  0.0335  10
   3.5957   2.6207  30.0100   0.1833   2.5267   0.8349         2.4549         0.2100         3.3755  0.7273  0.0622   8
   3.5957   2.6057  30.0100   0.2259   2.5122   0.8335         3.1501         0.2683         4.3451  0.7250  0.0617   8
   5.7667   4.4587  18.0000   0.8180   2.5169   0.9223       303.5965         9.4532       237.1590  1.2801  0.0399  10
   5.7667   4.5057  18.0000   0.7032   2.5434   0.9246        78.0540         2.4578        69.0719  1.1300  0.0356  10
   5.7667   4.5507  18.0000   0.5934   2.5688   0.9267        35.6961         1.1402        33.5967  1.0625  0.0339  10
   5.7667   4.5717  18.0000   0.5421   2.5807   0.9277        25.6972         0.8399        24.9171  1.0313  0.0337  10
   5.7667   4.6107  18.0000   0.4469   2.6027   0.9294        13.3712         0.4556        14.5497  0.9190  0.0313  10
   5.7667   4.6487  18.0000   0.3542   2.6242   0.9310         7.5993         0.2770         8.6390  0.8796  0.0321  10
   5.7667   4.6837  18.0000   0.2687   2.6439   0.9325         4.4181         0.1802         5.3294  0.8290  0.0338  10
   5.7667   4.7157  18.0000   0.1906   2.6620   0.9337         2.5592         0.1245         3.4174  0.7489  0.0364  10
   5.7667   3.1797  22.0000   3.0646   2.6704   0.7905        57.0122         1.7285        53.7359  1.0610  0.0322  10
   5.7667   3.2437  22.0000   2.8907   2.7242   0.7986        54.7996         1.6732        50.6846  1.0812  0.0330  10
   5.7667   3.3037  22.0000   2.7277   2.7745   0.8059        51.5060         1.5712        47.8021  1.0775  0.0329  10
   5.7667   3.3607  22.0000   2.5729   2.8224   0.8126        48.0461         1.4544        45.0720  1.0660  0.0323  10
   5.7667   3.4157  22.0000   2.4235   2.8686   0.8189        44.7965         1.3712        42.4844  1.0544  0.0323  10
   5.7667   3.4677  22.0000   2.2822   2.9123   0.8246        42.6507         1.3078        40.1173  1.0632  0.0326  10
   5.7667   3.5177  22.0000   2.1464   2.9543   0.8299        40.7434         1.2378        37.9641  1.0732  0.0326  10
   5.7667   3.5657  22.0000   2.0160   2.9946   0.8349        38.3119         1.1838        36.0629  1.0624  0.0328  10
   5.7667   3.6117  22.0000   1.8911   3.0332   0.8394        36.4603         1.1332        34.4613  1.0580  0.0329  10
   5.7667   3.6557  22.0000   1.7716   3.0702   0.8437        36.1283         1.1098        33.2194  1.0876  0.0334  10
   5.7667   3.6987  22.0000   1.6548   3.1063   0.8477        35.3859         1.0804        32.4002  1.0921  0.0333  10
   5.7667   3.7387  22.0000   1.5461   3.1399   0.8514        36.0050         1.0988        32.1536  1.1198  0.0342  10
   5.7667   3.8157  22.0000   1.3370   3.2045   0.8581        40.3281         1.2354        34.2630  1.1770  0.0361  10
   5.7667   3.8867  22.0000   1.1441   3.2642   0.8640        55.2135         1.6960        44.4378  1.2425  0.0382  10
   5.7667   3.9207  22.0000   1.0517   3.2927   0.8667        74.5216         2.2994        59.7097  1.2481  0.0385  10
   5.7667   3.9847  22.0000   0.8779   3.3465   0.8716      3910.6976       121.3793      3221.4905  1.2139  0.0377  10
   5.7667   4.0147  22.0000   0.7964   3.3717   0.8738       101.3692         3.1712        83.6350  1.2120  0.0379  10
   5.7667   4.0717  22.0000   0.6416   3.4195   0.8779        25.0672         0.7938        22.5851  1.1099  0.0351  10
   5.7667   4.1257  22.0000   0.4949   3.4649   0.8816        10.4475         0.3368        10.2650  1.0178  0.0328  10
   5.7667   4.1517  22.0000   0.4243   3.4867   0.8833         7.0042         0.2321         7.2941  0.9603  0.0318  10
   5.7667   2.8907  26.0000   2.9031   3.3742   0.7310        35.0835         1.0842        32.4156  1.0823  0.0334  10
   5.7667   2.9477  26.0000   2.7296   3.4408   0.7392        32.7298         1.0075        30.0986  1.0874  0.0335  10
   3.5957   2.6207  30.0100   0.1833   2.5267   0.8349         2.4549         0.2100         3.3755  0.7273  0.0622   8
   3.5957   2.6057  30.0100   0.2259   2.5122   0.8335         3.1501         0.2683         4.3451  0.7250  0.0617   8
   5.7667   4.4587  18.0000   0.8180   2.5169   0.9223       303.5965         9.4532       237.1584  1.2801  0.0399  10
   5.7667   4.5057  18.0000   0.7032   2.5434   0.9246        78.0540         2.4578        69.0718  1.1300  0.0356  10
   5.7667   4.5507  18.0000   0.5934   2.5688   0.9267        35.6961         1.1402        33.5966  1.0625  0.0339  10
   5.7667   4.5717  18.0000   0.5421   2.5807   0.9277        25.6972         0.8399        24.9171  1.0313  0.0337  10
   5.7667   4.6107  18.0000   0.4469   2.6027   0.9294        13.3712         0.4556        14.5497  0.9190  0.0313  10
   5.7667   4.6487  18.0000   0.3542   2.6242   0.9310         7.5993         0.2770         8.6390  0.8796  0.0321  10
   5.7667   4.6837  18.0000   0.2687   2.6439   0.9325         4.4181         0.1802         5.3294  0.8290  0.0338  10
   5.7667   4.7157  18.0000   0.1906   2.6620   0.9337         2.5592         0.1245         3.4174  0.7489  0.0364  10
   5.7667   3.1797  22.0000   3.0646   2.6704   0.7905        57.0122         1.7285        53.7359  1.0610  0.0322  10
   5.7667   3.2437  22.0000   2.8907   2.7242   0.7986        54.7996         1.6732        50.6846  1.0812  0.0330  10
   5.7667   3.3037  22.0000   2.7277   2.7745   0.8059        51.5060         1.5712        47.8021  1.0775  0.0329  10
   5.7667   3.3607  22.0000   2.5729   2.8224   0.8126        48.0461         1.4544        45.0720  1.0660  0.0323  10
   5.7667   3.4157  22.0000   2.4235   2.8686   0.8189        44.7965         1.3712        42.4844  1.0544  0.0323  10
   5.7667   3.4677  22.0000   2.2822   2.9123   0.8246        42.6507         1.3078        40.1173  1.0632  0.0326  10
   5.7667   3.5177  22.0000   2.1464   2.9543   0.8299        40.7434         1.2378        37.9641  1.0732  0.0326  10
   5.7667   3.5657  22.0000   2.0160   2.9946   0.8349        38.3119         1.1838        36.0629  1.0624  0.0328  10
   5.7667   3.6117  22.0000   1.8911   3.0332   0.8394        36.4603         1.1332        34.4613  1.0580  0.0329  10
   5.7667   3.6557  22.0000   1.7716   3.0702   0.8437        36.1283         1.1098        33.2194  1.0876  0.0334  10
   5.7667   3.6987  22.0000   1.6548   3.1063   0.8477        35.3859         1.0804        32.4002  1.0921  0.0333  10
   5.7667   3.7387  22.0000   1.5461   3.1399   0.8514        36.0050         1.0988        32.1536  1.1198  0.0342  10
   5.7667   3.8157  22.0000   1.3370   3.2045   0.8581        40.3281         1.2354        34.2630  1.1770  0.0361  10
   5.7667   3.8867  22.0000   1.1441   3.2642   0.8640        55.2135         1.6960        44.4378  1.2425  0.0382  10
   5.7667   3.9207  22.0000   1.0517   3.2927   0.8667        74.5216         2.2994        59.7097  1.2481  0.0385  10
   5.7667   3.9847  22.0000   0.8779   3.3465   0.8716      3910.6976       121.3793      3221.4901  1.2139  0.0377  10
   5.7667   4.0147  22.0000   0.7964   3.3717   0.8738       101.3692         3.1712        83.6350  1.2120  0.0379  10
   5.7667   4.0717  22.0000   0.6416   3.4195   0.8779        25.0672         0.7938        22.5851  1.1099  0.0351  10
   5.7667   4.1257  22.0000   0.4949   3.4649   0.8816        10.4475         0.3368        10.2650  1.0178  0.0328  10
   5.7667   4.1517  22.0000   0.4243   3.4867   0.8833         7.0042         0.2321         7.2941  0.9603  0.0318  10
   5.7667   2.8907  26.0000   2.9031   3.3742   0.7310        35.0835         1.0842        32.4156  1.0823  0.0334  10
   5.7667   2.9477  26.0000   2.7296   3.4408   0.7392        32.7298         1.0075        30.0986  1.0874  0.0335  10
   3.5957   2.6207  30.0100   0.1833   2.5267   0.8349         2.4549         0.2100         3.3755  0.7273  0.0622   8
   3.5957   2.6057  30.0100   0.2259   2.5122   0.8335         3.1501         0.2683         4.3451  0.7250  0.0617   8
   5.7667   4.4587  18.0000   0.8180   2.5169   0.9223       303.5965         9.4532       237.1582  1.2801  0.0399  10
   5.7667   4.5057  18.0000   0.7032   2.5434   0.9246        78.0540         2.4578        69.0717  1.1300  0.0356  10
   5.7667   4.5507  18.0000   0.5934   2.5688   0.9267        35.6961         1.1402        33.5966  1.0625  0.0339  10
   5.7667   4.5717  18.0000   0.5421   2.5807   0.9277        25.6972         0.8399        24.9171  1.0313  0.0337  10
   5.7667   4.6107  18.0000   0.4469   2.6027   0.9294        13.3712         0.4556        14.5497  0.9190  0.0313  10
   5.7667   4.6487  18.0000   0.3542   2.6242   0.9310         7.5993         0.2770         8.6390  0.8796  0.0321  10
   5.7667   4.6837  18.0000   0.2687   2.6439   0.9325         4.4181         0.1802         5.3294  0.8290  0.0338  10
   5.7667   4.7157  18.0000   0.1906   2.6620   0.9337         2.5592         0.1245         3.4174  0.7489  0.0364  10
   5.7667   3.1797  22.0000   3.0646   2.6704   0.7905        57.0122         1.7285        53.7359  1.0610  0.0322  10
   5.7667   3.2437  22.0000   2.8907   2.7242   0.7986        54.7996         1.6732        50.6846  1.0812  0.0330  10
   5.7667   3.3037  22.0000   2.7277   2.7745   0.8059        51.5060         1.5712        47.8021  1.0775  0.0329  10
   5.7667   3.3607  22.0000   2.5729   2.8224   0.8126        48.0461         1.4544        45.0720  1.0660  0.0323  10
   5.7667   3.4157  22.0000   2.4235   2.8686   0.8189        44.7965         1.3712        42.4844  1.0544  0.0323  10
   5.7667   3.4677  22.0000   2.2822   2.9123   0.8246        42.6507         1.3078        40.1173  1.0632  0.0326  10
   5.7667   3.5177  22.0000   2.1464   2.9543   0.8299        40.7434         1.2378        37.9641  1.0732  0.0326  10
   5.7667   3.5657  22.0000   2.0160   2.9946   0.8349        38.3119         1.1838        36.0629  1.0624  0.0328  10
   5.7667   3.6117  22.0000   1.8911   3.0332   0.8394        36.4603         1.1332        34.4613  1.0580  0.0329  10
   5.7667   3.6557  22.0000   1.7716   3.0702   0.8437        36.1283         1.1098        33.2194  1.0876  0.0334  10
   5.7667   3.6987  22.0000   1.6548   3.1063   0.8477        35.3859         1.0804        32.4002  1.0921  0.0333  10
   5.7667   3.7387  22.0000   1.5461   3.1399   0.8514        36.0050         1.0988        32.1536  1.1198  0.0342  10
   5.7667   3.8157  22.0000   1.3370   3.2045   0.8581        40.3281         1.2354        34.2630  1.1770  0.0361  10
   5.7667   3.8867  22.0000   1.1441   3.2642   0.8640        55.2135         1.6960        44.4378  1.2425  0.0382  10
   5.7667   3.9207  22.0000   1.0517   3.2927   0.8667        74.5216         2.2994        59.7097  1.2481  0.0385  10
   5.7667   3.9847  22.0000   0.8779   3.3465   0.8716      3910.6976       121.3793      3221.4899  1.2139  0.0377  10
   5.7667   4.0147  22.0000   0.7964   3.3717   0.8738       101.3692         3.1712        83.6350  1.2120  0.0379  10
   5.7667   4.0717  22.0000   0.6416   3.4195   0.8779        25.0672         0.7938        22.5851  1.1099  0.0351  10
   5.7667   4.1257  22.0000   0.4949   3.4649   0.8816        10.4475         0.3368        10.2650  1.0178  0.0328  10
   5.7667   4.1517  22.0000   0.4243   3.4867   0.8833         7.0042         0.2321         7.2941  0.9603  0.0318  10
   5.7667   2.8907  26.0000   2.9031   3.3742   0.7310        35.0835         1.0842        32.4156  1.0823  0.0334  10
   5.7667   2.9477  26.0000   2.7296   3.4408   0.7392        32.7298         1.0075        30.0986  1.0874  0.0335  10
   3.5957   2.6207  30.0100   0.1833   2.5267   0.8349         2.4549         0.2100         3.3755  0.7273  0.0622   8
   3.5957   2.6057  30.0100   0.2259   2.5122   0.8335         3.1501         0.2683         4.3451  0.7250  0.0617   8
   5.7667   4.4587  18.0000   0.8180   2.5169   0.9223       303.5965         9.4532       237.1582  1.2801  0.0399  10
   5.7667   4.5057  18.0000   0.7032   2.5434   0.9246        78.0540         2.4578        69.0717  1.1300  0.0356  10
   5.7667   4.5507  18.0000   0.5934   2.5688   0.9267        35.6961         1.1402        33.5966  1.0625  0.0339  10
   5.7667   4.5717  18.0000   0.5421   2.5807   0.9277        25.6972         0.8399        24.9171  1.0313  0.0337  10
   5.7667   4.6107  18.0000   0.4469   2.6027   0.9294        13.3712         0.4556        14.5497  0.9190  0.0313  10
   5.7667   4.6487  18.0000   0.3542   2.6242   0.9310         7.5993         0.2770         8.6390  0.8796  0.0321  10
   5.7667   4.6837  18.0000   0.2687   2.6439   0.9325         4.4181         0.1802         5.3294  0.8290  0.0338  10
   5.7667   4.7157  18.0000   0.1906   2.6620   0.9337         2.5592         0.1245         3.4174  0.7489  0.0364  10
   5.7667   3.1797  22.0000   3.0646   2.6704   0.7905        57.0122         1.7285        53.7359  1.0610  0.0322  10
   5.7667   3.2437  22.0000   2.8907   2.7242   0.7986        54.7996         1.6732        50.6846  1.0812  0.0330  10
   5.7667   3.3037  22.0000   2.7277   2.7745   0.8059        51.5060         1.5712        47.8021  1.0775  0.0329  10
   5.7667   3.3607  22.0000   2.5729   2.8224   0.8126        48.0461         1.4544        45.0720  1.0660  0.0323  10
   5.7667   3.4157  22.0000   2.4235   2.8686   0.8189        44.7965         1.3712        42.4844  1.0544  0.0323  10
   5.7667   3.4677  22.0000   2.2822   2.9123   0.8246        42.6507         1.3078        40.1173  1.0632  0.0326  10
   5.7667   3.5177  22.0000   2.1464   2.9543   0.8299        40.7434         1.2378        37.9641  1.0732  0.0326  10
   5.7667   3.5657  22.0000   2.0160   2.9946   0.8349        38.3119         1.1838        36.0629  1.0624  0.0328  10
   5.7667   3.6117  22.0000   1.8911   3.0332   0.8394        36.4603         1.1332        34.4613  1.0580  0.0329  10
   5.7667   3.6557  22.0000   1.7716   3.0702   0.8437        36.1283         1.1098        33.2194  1.0876  0.0334  10
   5.7667   3.6987  22.0000   1.6548   3.1063   0.8477        35.3859         1.0804        32.4002  1.0921  0.0333  10
   5.7667   3.7387  22.0000   1.5461   3.1399   0.8514        36.0050         1.0988        32.1536  1.1198  0.0342  10
   5.7667   3.8157  22.0000   1.3370   3.2045   0.8581        40.3281         1.2354        34.2630  1.1770  0.0361  10
   5.7667   3.8867  22.0000   1.1441   3.2642   0.8640        55.2135         1.6960        44.4378  1.2425  0.0382  10
   5.7667   3.9207  22.0000   1.0517   3.2927   0.8667        74.5216         2.2994        59.7097  1.2481  0.0385  10
   5.7667   3.9847  22.0000   0.8779   3.3465   0.8716      3910.6976       121.3793      3221.4899  1.2139  0.0377  10
   5.7667   4.0147  22.0000   0.7964   3.3717   0.8738       101.3692         3.1712        83.6350  1.2120  0.0379  10
   5.7667   4.0717  22.0000   0.6416   3.4195   0.8779        25.0672         0.7938        22.5851  1.1099  0.0351  10
   5.7667   4.1257  22.0000   0.4949   3.4649   0.8816        10.4475         0.3368        10.2650  1.0178  0.0328  10
   5.7667   4.1517  22.0000   0.4243   3.4867   0.8833         7.0042         0.2321         7.2941  0.9603  0.0318  10
   5.7667   2.8907  26.0000   2.9031   3.3742   0.7310        35.0835         1.0842        32.4156  1.0823  0.0334  10
   5.7667   2.9477  26.0000   2.7296   3.4408   0.7392        32.7298         1.0075        30.0986  1.0874  0.0335  10
   3.5957   2.6207  30.0100   0.1833   2.5267   0.8349         2.4549         0.2100         3.3755  0.7273  0.0622   8
   3.5957   2.6057  30.0100   0.2259   2.5122   0.8335         3.1501         0.2683         4.3451  0.7250  0.0617   8
   5.7667   4.4587  18.0000   0.8180   2.5169   0.9223       303.5965         9.4532       237.1581  1.2801  0.0399  10
   5.7667   4.5057  18.0000   0.7032   2.5434   0.9246        78.0540         2.4578        69.0717  1.1300  0.0356  10
   5.7667   4.5507  18.0000   0.5934   2.5688   0.9267        35.6961         1.1402        33.5966  1.0625  0.0339  10
   5.7667   4.5717  18.0000   0.5421   2.5807   0.9277        25.6972         0.8399        24.9171  1.0313  0.0337  10
   5.7667   4.6107  18.0000   0.4469   2.6027   0.9294        13.3712         0.4556        14.5497  0.9190  0.0313  10
   5.7667   4.6487  18.0000   0.3542   2.6242   0.9310         7.5993         0.2770         8.6390  0.8796  0.0321  10
   5.7667   4.6837  18.0000   0.2687   2.6439   0.9325         4.4181         0.1802         5.3294  0.8290  0.0338  10
   5.7667   4.7157  18.0000   0.1906   2.6620   0.9337         2.5592         0.1245         3.4174  0.7489  0.0364  10
   5.7667   3.1797  22.0000   3.0646   2.6704   0.7905        57.0122         1.7285        53.7359  1.0610  0.0322  10
   5.7667   3.2437  22.0000   2.8907   2.7242   0.7986        54.7996         1.6732        50.6846  1.0812  0.0330  10
   5.7667   3.3037  22.0000   2.7277   2.7745   0.8059        51.5060         1.5712        47.8021  1.0775  0.0329  10
   5.7667   3.3607  22.0000   2.5729   2.8224   0.8126        48.0461         1.4544        45.0720  1.0660  0.0323  10
   5.7667   3.4157  22.0000   2.4235   2.8686   0.8189        44.7965         1.3712        42.4844  1.0544  0.0323  10
   5.7667   3.4677  22.0000   2.2822   2.9123   0.8246        42.6507         1.3078        40.1173  1.0632  0.0326  10
   5.7667   3.5177  22.0000   2.1464   2.9543   0.8299        40.7434         1.2378        37.9641  1.0732  0.0326  10
   5.7667   3.5657  22.0000   2.0160   2.9946   0.8349        38.3119         1.1838        36.0629  1.0624  0.0328  10
   5.7667   3.6117  22.0000   1.8911   3.0332   0.8394        36.4603         1.1332        34.4613  1.0580  0.0329  10
   5.7667   3.6557  22.0000   1.7716   3.0702   0.8437        36.1283         1.1098        33.2194  1.0876  0.0334  10
   5.7667   3.6987  22.0000   1.6548   3.1063   0.8477        35.3859         1.0804        32.4002  1.0921  0.0333  10
   5.7667   3.7387  22.0000   1.5461   3.1399   0.8514        36.0050         1.0988        32.1536  1.1198  0.0342  10
   5.7667   3.8157  22.0000   1.3370   3.2045   0.8581        40.3281         1.2354        34.2630  1.1770  0.0361  10
   5.7667   3.8867  22.0000   1.1441   3.2642   0.8640        55.2135         1.6960        44.4378  1.2425  0.0382  10
   5.7667   3.9207  22.0000   1.0517   3.2927   0.8667        74.5216         2.2994        59.7097  1.2481  0.0385  10
   5.7667   3.9847  22.0000   0.8779   3.3465   0.8716      3910.6976       121.3793      3221.4899  1.2139  0.0377  10
   5.7667   4.0147  22.0000   0.7964   3.3717   0.8738       101.3692         3.1712        83.6350  1.2120  0.0379  10
   5.7667   4.0717  22.0000   0.6416   3.4195   0.8779        25.0672         0.7938        22.5851  1.1099  0.0351  10
   5.7667   4.1257  22.0000   0.4949   3.4649   0.8816        10.4475         0.3368        10.2650  1.0178  0.0328  10
   5.7667   4.1517  22.0000   0.4243   3.4867   0.8833         7.0042         0.2321         7.2941  0.9603  0.0318  10
   5.7667   2.8907  26.0000   2.9031   3.3742   0.7310        35.0835         1.0842        32.4156  1.0823  0.0334  10
   5.7667   2.9477  26.0000   2.7296   3.4408   0.7392        32.7298         1.0075        30.0986  1.0874  0.0335  10
