   1.2997   1.0447  37.5000   0.7977   0.5612   0.7954      4820.4739       244.0046      4629.2764  1.0413  0.0527   7
   1.2997   1.0347  37.5000   0.8218   0.5558   0.7939      8054.9507       384.4956      7248.5078  1.1113  0.0530   7
   1.2997   1.0247  37.5000   0.8459   0.5505   0.7923     15367.8305       704.9887     13477.9031  1.1402  0.0523   7
   1.2997   1.0147  37.5000   0.8701   0.5451   0.7906     53666.6106      2431.1187     47835.3120  1.1219  0.0508   7
   1.2997   1.0047  37.5000   0.8942   0.5397   0.7889     43220.0803      1910.6134     36522.3938  1.1834  0.0523   7
   1.2997   0.9947  37.5000   0.9184   0.5343   0.7870     15686.1608       692.9027     13432.1303  1.1678  0.0516   7
   1.2997   0.9847  37.5000   0.9425   0.5290   0.7851      9963.9070       432.7125      8138.7841  1.2243  0.0532   7
   1.2997   0.9747  37.5000   0.9666   0.5236   0.7831      7179.3330       266.3016      5729.8705  1.2530  0.0465   7
   1.2997   0.9647  37.5000   0.9908   0.5182   0.7810      5015.3086       192.7450      4339.6624  1.1557  0.0444   7
   1.2997   0.9547  37.5000   1.0149   0.5129   0.7789      3965.7042       174.5820      3433.3174  1.1551  0.0508   7
   1.2997   0.9447  37.5000   1.0390   0.5075   0.7766      3217.5383       143.1104      2796.5785  1.1505  0.0512   7
   1.2997   0.9347  37.5000   1.0632   0.5021   0.7742      2671.8176       119.3862      2336.2701  1.1436  0.0511   7
   3.3007   3.2017  15.0000   0.3459   0.7202   0.9661         2.2140         0.2039         5.1147  0.4329  0.0399   5
   3.3007   3.1857  15.0000   0.3796   0.7166   0.9659         1.4026         0.3628         7.7890  0.1801  0.0466   5
   3.3007   3.1697  15.0000   0.4132   0.7130   0.9657         5.0671         0.4895        11.9620  0.4236  0.0409   5
   3.3007   3.1537  15.0000   0.4468   0.7094   0.9655         9.7094         0.7257        18.5356  0.5238  0.0392   5
   3.3007   3.1377  15.0000   0.4804   0.7058   0.9653        19.1392         1.1332        28.9925  0.6601  0.0391   5
   3.3007   3.1217  15.0000   0.5141   0.7022   0.9650        36.5483         1.7625        55.8177  0.6548  0.0316   5
   3.3007   3.1057  15.0000   0.5477   0.6986   0.9647        64.1677         2.7300        97.5481  0.6578  0.0280   5
   3.3007   3.0907  15.0000   0.5792   0.6952   0.9644       116.0743        11.4473       157.3364  0.7377  0.0728   5
   3.3007   3.0757  15.0000   0.6107   0.6919   0.9641       168.5227        15.1500       249.4092  0.6757  0.0607   5
   3.3007   3.0607  15.0000   0.6422   0.6885   0.9638       334.5115        20.6811       391.8657  0.8536  0.0528   5
   3.3007   3.0457  15.0000   0.6738   0.6851   0.9634       498.1640        28.2032       612.8377  0.8129  0.0460   5
   3.3007   3.0307  15.0000   0.7053   0.6817   0.9630       790.8869        39.2561       956.3252  0.8270  0.0410   5
   3.3007   3.0157  15.0000   0.7368   0.6784   0.9626      1269.8819        58.0451      1494.1857  0.8499  0.0388   5
   3.3007   2.9997  15.0000   0.7704   0.6748   0.9622      2222.3049        91.1144      2433.8352  0.9131  0.0374   5
   3.3007   2.9847  15.0000   0.8020   0.6714   0.9617      3838.6182       148.4872      4006.2469  0.9582  0.0371   5
   3.3007   2.9697  15.0000   0.8335   0.6680   0.9612      7406.0788       276.7213      7502.3414  0.9872  0.0369   5
   3.3007   2.9547  15.0000   0.8650   0.6646   0.9607     25585.4719       944.0478     24535.7667  1.0428  0.0385   5
   3.3007   2.9397  15.0000   0.8965   0.6613   0.9602     26685.1604       970.8310     24034.2421  1.1103  0.0404   5
   3.3007   2.9247  15.0000   0.9280   0.6579   0.9596      9387.6962       342.8233      8171.8108  1.1488  0.0420   5
   3.3007   2.9097  15.0000   0.9596   0.6545   0.9590      5801.7032       224.3758      4836.6074  1.1995  0.0464   5
   3.3007   2.8957  15.0000   0.9890   0.6514   0.9584      4017.8631       156.3776      3432.3838  1.1706  0.0456   5
   3.3007   2.8817  15.0000   1.0184   0.6482   0.9578      3070.6314       118.7375      2614.3242  1.1745  0.0454   5
   3.3007   2.8667  15.0000   1.0499   0.6448   0.9571      2275.1233        89.5854      2053.2712  1.1080  0.0436   5
   3.3007   2.8527  15.0000   1.0794   0.6417   0.9565      1919.8221        74.9082      1696.9184  1.1314  0.0441   5
   3.3007   2.8387  15.0000   1.1088   0.6385   0.9558      1561.6573        61.8235      1444.5218  1.0811  0.0428   5
   3.3007   2.8247  15.0000   1.1382   0.6354   0.9551      1316.3306        52.1984      1262.4874  1.0426  0.0413   5
   3.3007   2.8107  15.0000   1.1676   0.6322   0.9544      1087.6372        43.9746      1129.9185  0.9626  0.0389   5
   3.3007   2.7967  15.0000   1.1970   0.6291   0.9536       947.2208        39.0111      1035.0947  0.9151  0.0377   5
   3.3007   2.7817  15.0000   1.2286   0.6257   0.9528       834.6596        35.0163       963.1032  0.8666  0.0364   5
   3.3007   2.7677  15.0000   1.2580   0.6226   0.9519       840.8705        34.6961       915.5038  0.9185  0.0379   5
   3.3007   2.7537  15.0000   1.2874   0.6194   0.9511       748.4600        32.1666       881.9832  0.8486  0.0365   5
   3.3007   2.7397  15.0000   1.3168   0.6163   0.9502       685.4599        31.6406       856.8854  0.7999  0.0369   5
   3.3007   2.7267  15.0000   1.3441   0.6133   0.9494       721.5695        31.6649       838.4700  0.8606  0.0378   5
   3.3007   2.7137  15.0000   1.3715   0.6104   0.9486       685.8062        30.2388       822.3481  0.8340  0.0368   5
   3.3007   2.6997  15.0000   1.4009   0.6073   0.9476       744.9868        30.8918       805.8077  0.9245  0.0383   5
   3.3007   2.6867  15.0000   1.4282   0.6044   0.9467       723.3257        29.8680       789.4508  0.9162  0.0378   5
   3.3007   2.6737  15.0000   1.4555   0.6014   0.9458       742.8514        30.1624       771.5988  0.9627  0.0391   5
   3.3007   2.6597  15.0000   1.4849   0.5983   0.9448       684.2744        28.1947       750.2705  0.9120  0.0376   5
   3.3007   2.6467  15.0000   1.5123   0.5954   0.9438       682.0372        27.7541       728.5232  0.9362  0.0381   5
   3.3007   2.6337  15.0000   1.5396   0.5924   0.9428       684.4075        27.4661       705.1106  0.9706  0.0390   5
   3.3007   2.6197  15.0000   1.5690   0.5893   0.9417       685.0971        27.5853       678.4942  1.0097  0.0407   5
   3.3007   2.6067  15.0000   1.5963   0.5864   0.9406       661.5163        26.8970       653.0536  1.0130  0.0412   5
   3.3007   2.5937  15.0000   1.6236   0.5834   0.9395       639.3153        26.5876       627.4701  1.0189  0.0424   5
   3.3007   2.5807  15.0000   1.6510   0.5805   0.9384       605.6787        26.5553       602.2929  1.0056  0.0441   5
   3.3007   2.5687  15.0000   1.6762   0.5778   0.9374       564.1422        25.0264       579.8572  0.9729  0.0432   5
   3.3007   2.5557  15.0000   1.7035   0.5749   0.9362       532.4560        23.5589       556.8427  0.9562  0.0423   5
   3.3007   2.5427  15.0000   1.7308   0.5720   0.9350       522.0595        22.7824       535.5400  0.9748  0.0425   5
   3.3007   2.5307  15.0000   1.7560   0.5693   0.9339       507.7981        22.0257       517.6478  0.9810  0.0425   5
   3.3007   2.5177  15.0000   1.7834   0.5663   0.9327       489.8675        21.4590       500.3946  0.9790  0.0429   5
   3.3007   2.5057  15.0000   1.8086   0.5636   0.9315       492.3310        21.2466       486.5160  1.0120  0.0437   5
   3.3007   2.4927  15.0000   1.8359   0.5607   0.9302       480.6721        20.7463       473.7146  1.0147  0.0438   5
   3.3007   2.4807  15.0000   1.8611   0.5580   0.9290       498.5744        21.0546       463.9244  1.0747  0.0454   5
   3.3007   2.4677  15.0000   1.8884   0.5551   0.9276       459.1085        20.1783       455.4064  1.0081  0.0443   5
   3.3007   2.4547  15.0000   1.9157   0.5522   0.9263       469.7041        20.5204       448.8913  1.0464  0.0457   5
   3.3007   2.4427  15.0000   1.9410   0.5495   0.9250       448.7328        20.4800       444.4599  1.0096  0.0461   5
   3.5957   3.4157  16.0200   0.2642   0.9539   0.9607         1.6691         0.1759         2.9868  0.5588  0.0589   8
   3.5957   3.4007  16.0200   0.2965   0.9497   0.9604         3.7391         0.3911         4.2288  0.8842  0.0925   8
   3.5957   3.3857  16.0200   0.3289   0.9456   0.9602         6.1558         0.5326         6.0209  1.0224  0.0885   8
   3.5957   3.3707  16.0200   0.3612   0.9414   0.9599         8.7446         0.6910         8.6227  1.0141  0.0801   8
   3.5957   3.3557  16.0200   0.3935   0.9372   0.9597        13.1065         0.9565        13.8446  0.9467  0.0691   8
   3.5957   3.3407  16.0200   0.4259   0.9330   0.9594        20.3997         1.3911        21.1632  0.9639  0.0657   8
   3.5957   3.3257  16.0200   0.4582   0.9288   0.9590        29.3196         1.9314        32.0265  0.9155  0.0603   8
   3.5957   3.3107  16.0200   0.4906   0.9246   0.9587        45.4596         2.8314        48.2497  0.9422  0.0587   8
   3.5957   3.2957  16.0200   0.5229   0.9204   0.9583        65.0908         3.9431        72.4822  0.8980  0.0544   8
   3.5957   3.2807  16.0200   0.5552   0.9162   0.9580        97.0642         5.7317       108.6398  0.8934  0.0528   8
   3.5957   3.2657  16.0200   0.5876   0.9120   0.9575       146.9386        12.4559       162.5240  0.9041  0.0766   8
   3.5957   3.2507  16.0200   0.6199   0.9079   0.9571       210.3688        16.4258       242.6786  0.8669  0.0677   8
   3.5957   3.2357  16.0200   0.6522   0.9037   0.9567       340.4264        24.0327       361.6448  0.9413  0.0665   8
   3.5957   3.2207  16.0200   0.6846   0.8995   0.9562       449.9512        31.3034       538.0948  0.8362  0.0582   8
   3.5957   3.2057  16.0200   0.7169   0.8953   0.9557       737.3142        48.5596       801.2385  0.9202  0.0606   8
   3.5957   3.1907  16.0200   0.7493   0.8911   0.9552      1110.3583        67.2165      1202.8298  0.9231  0.0559   8
   3.5957   3.1757  16.0200   0.7816   0.8869   0.9547      1712.9953       102.4602      1855.9989  0.9230  0.0552   8
   3.5957   3.1607  16.0200   0.8139   0.8827   0.9541      2976.3844       175.9051      3093.6658  0.9621  0.0569   8
   3.5957   3.1457  16.0200   0.8463   0.8785   0.9535      6295.7403       391.6277      6530.8366  0.9640  0.0600   8
   3.5957   3.1307  16.0200   0.8786   0.8743   0.9529    141299.7941      8611.6177    133762.6580  1.0563  0.0644   8
   3.5957   3.1157  16.0200   0.9109   0.8702   0.9523      8446.6705       510.6863      7859.2648  1.0747  0.0650   8
   3.5957   3.1007  16.0200   0.9433   0.8660   0.9516      4205.0768       253.2788      3855.2658  1.0907  0.0657   8
   3.5957   3.0857  16.0200   0.9756   0.8618   0.9510      2727.3196       164.0418      2540.0582  1.0737  0.0646   8
   3.5957   3.0707  16.0200   1.0080   0.8576   0.9503      2029.4916       118.9161      1879.3684  1.0799  0.0633   8
   3.5957   3.0557  16.0200   1.0403   0.8534   0.9495      1545.1981        90.5264      1482.3874  1.0424  0.0611   8
   3.5957   3.0407  16.0200   1.0726   0.8492   0.9488      1245.8131        73.2097      1220.7623  1.0205  0.0600   8
   3.5957   3.0257  16.0200   1.1050   0.8450   0.9480      1009.1404        65.1853      1038.4914  0.9717  0.0628   8
   3.5957   3.0107  16.0200   1.1373   0.8408   0.9472       823.6156        53.7655       907.7305  0.9073  0.0592   8
   3.5957   2.9957  16.0200   1.1696   0.8366   0.9464       746.7829        48.1783       811.8508  0.9199  0.0593   8
   3.5957   2.9807  16.0200   1.2020   0.8325   0.9455       630.6139        40.7168       740.9766  0.8511  0.0550   8
   3.5957   2.9657  16.0200   1.2343   0.8283   0.9447       570.0608        37.1139       687.9030  0.8287  0.0540   8
   3.5957   2.9507  16.0200   1.2667   0.8241   0.9438       529.7738        33.3901       647.7578  0.8179  0.0515   8
   3.5957   2.9357  16.0200   1.2990   0.8199   0.9428       517.4141        32.5046       616.9677  0.8386  0.0527   8
   3.5957   2.9207  16.0200   1.3313   0.8157   0.9419       518.2582        32.1716       592.4351  0.8748  0.0543   8
   3.5957   2.9057  16.0200   1.3637   0.8115   0.9409       528.4404        38.4557       572.0793  0.9237  0.0672   8
   3.5957   2.8907  16.0200   1.3960   0.8073   0.9399       486.6248        36.0056       554.3265  0.8779  0.0650   8
   3.5957   2.8757  16.0200   1.4283   0.8031   0.9388       468.4613        34.4200       537.8665  0.8710  0.0640   8
   3.5957   2.8607  16.0200   1.4607   0.7989   0.9377       475.9496        34.0501       521.9602  0.9119  0.0652   8
   3.5957   2.8457  16.0200   1.4930   0.7947   0.9367       461.4211        33.4635       506.1508  0.9116  0.0661   8
   3.5957   2.8307  16.0200   1.5254   0.7906   0.9355       464.1715        27.8437       490.2444  0.9468  0.0568   8
   3.5957   2.8157  16.0200   1.5577   0.7864   0.9344       445.7935        26.6711       474.2296  0.9400  0.0562   8
   3.5957   2.8007  16.0200   1.5900   0.7822   0.9332       419.4002        25.1597       458.2386  0.9152  0.0549   8
   3.5957   2.7857  16.0200   1.6224   0.7780   0.9320       430.6120        26.2038       442.4991  0.9731  0.0592   8
   3.5957   2.7707  16.0200   1.6547   0.7738   0.9307       410.5190        25.0030       427.3017  0.9607  0.0585   8
   3.5957   2.7557  16.0200   1.6870   0.7696   0.9294       397.5310        24.1933       412.9470  0.9627  0.0586   8
   3.5957   2.7407  16.0200   1.7194   0.7654   0.9281       383.1320        23.3389       399.7146  0.9585  0.0584   8
   3.5957   2.7257  16.0200   1.7517   0.7612   0.9268       379.4581        22.5286       387.8239  0.9784  0.0581   8
   3.5957   2.7107  16.0200   1.7840   0.7570   0.9254       368.3032        21.9053       377.4448  0.9758  0.0580   8
   3.5957   2.6957  16.0200   1.8164   0.7529   0.9240       332.7264        19.9366       368.6508  0.9026  0.0541   8
   3.5957   2.6807  16.0200   1.8487   0.7487   0.9226       350.2762        24.1700       361.4595  0.9691  0.0669   8
   3.5957   2.6657  16.0200   1.8811   0.7445   0.9211       341.8705        23.4267       355.8240  0.9608  0.0658   8
   3.5957   2.6507  16.0200   1.9134   0.7403   0.9196       357.7009        24.2844       351.6255  1.0173  0.0691   8
   3.5957   2.6357  16.0200   1.9457   0.7361   0.9181       321.7161        22.2867       348.7004  0.9226  0.0639   8
   3.5957   2.6207  16.0200   1.9781   0.7319   0.9166       331.5905        21.1162       346.8698  0.9560  0.0609   8
   3.5957   2.6057  16.0200   2.0104   0.7277   0.9150       340.3692        21.5045       345.9353  0.9839  0.0622   8
   3.5957   2.5907  16.0200   2.0427   0.7235   0.9133       324.9982        23.7189       345.6885  0.9401  0.0686   8
   3.5957   2.5757  16.0200   2.0751   0.7193   0.9117       333.2219        24.3895       345.9301  0.9633  0.0705   8
   3.5957   2.5607  16.0200   2.1074   0.7152   0.9100       322.9644        23.7042       346.4782  0.9321  0.0684   8
   3.5957   2.5457  16.0200   2.1398   0.7110   0.9083       359.3935        25.4112       347.1772  1.0352  0.0732   8
   3.5957   2.5307  16.0200   2.1721   0.7068   0.9065       313.6789        22.9595       347.9042  0.9016  0.0660   8
   3.5957   2.5157  16.0200   2.2044   0.7026   0.9047       340.0338        21.0835       348.5713  0.9755  0.0605   8
   3.5957   2.5007  16.0200   2.2368   0.6984   0.9029       338.6402        20.9742       349.1245  0.9700  0.0601   8
   3.5957   2.4857  16.0200   2.2691   0.6942   0.9010       318.5904        20.9260       349.5398  0.9115  0.0599   8
   3.5957   2.4707  16.0200   2.3014   0.6900   0.8991       346.9995        22.5163       349.8190  0.9919  0.0644   8
   3.5957   2.4557  16.0200   2.3338   0.6858   0.8971       330.1532        21.6528       349.9811  0.9433  0.0619   8
   3.5957   2.4407  16.0200   2.3661   0.6816   0.8952       328.5989        21.6053       350.0549  0.9387  0.0617   8
   3.5957   2.4257  16.0200   2.3985   0.6775   0.8932       339.7890        20.8949       350.0641  0.9706  0.0597   8
   3.5957   2.4107  16.0200   2.4308   0.6733   0.8911       342.1993        20.8546       350.0182  0.9777  0.0596   8
   3.5957   2.3957  16.0200   2.4631   0.6691   0.8890       340.5611        22.7441       349.9405  0.9732  0.0650   8
   3.5957   2.3807  16.0200   2.4955   0.6649   0.8869       351.2649        23.1611       349.8562  1.0040  0.0662   8
   3.5957   2.3657  16.0200   2.5278   0.6607   0.8847       354.2337        23.1516       349.7674  1.0128  0.0662   8
   3.5957   2.3507  16.0200   2.5601   0.6565   0.8825       339.7933        22.5054       349.6490  0.9718  0.0644   8
   3.5957   2.3357  16.0200   2.5925   0.6523   0.8803       325.6924        21.6440       349.5202  0.9318  0.0619   8
   3.5957   2.3207  16.0200   2.6248   0.6481   0.8780       349.7155        21.4003       349.3627  1.0010  0.0613   8
   3.5957   2.3057  16.0200   2.6572   0.6439   0.8757       333.5084        20.5821       349.1498  0.9552  0.0589   8
   3.5957   2.2907  16.0200   2.6895   0.6397   0.8733       359.2240        24.1252       348.8849  1.0296  0.0691   8
   3.5957   2.2757  16.0200   2.7218   0.6356   0.8709       334.7709        22.5670       348.5352  0.9605  0.0647   8
   3.5957   2.2607  16.0200   2.7542   0.6314   0.8685       309.2062        21.0552       348.1036  0.8883  0.0605   8
   3.5957   2.2457  16.0200   2.7865   0.6272   0.8660       308.4634        21.2235       347.5684  0.8875  0.0611   8
   3.5957   2.2307  16.0200   2.8188   0.6230   0.8635       324.1142        20.3238       346.9356  0.9342  0.0586   8
   3.5957   2.2157  16.0200   2.8512   0.6188   0.8610       325.6637        20.3088       346.1959  0.9407  0.0587   8
   3.5957   2.2007  16.0200   2.8835   0.6146   0.8584       329.8477        22.6968       345.3621  0.9551  0.0657   8
   3.5957   2.1857  16.0200   2.9159   0.6104   0.8557       323.8987        22.2665       344.4356  0.9404  0.0646   8
   3.5957   2.1707  16.0200   2.9482   0.6062   0.8531       329.0258        22.4214       343.4333  0.9580  0.0653   8
   3.5957   2.1557  16.0200   2.9805   0.6020   0.8503       320.7337        20.3045       342.3690  0.9368  0.0593   8
   3.5957   2.1407  16.0200   3.0129   0.5979   0.8476       318.8951        20.1417       341.2573  0.9345  0.0590   8
   3.5957   2.1257  16.0200   3.0452   0.5937   0.8448       349.3953        24.1825       340.1183  1.0273  0.0711   8
   3.5957   2.1107  16.0200   3.0775   0.5895   0.8419       341.9144        23.6918       338.9685  1.0087  0.0699   8
   3.5957   2.0957  16.0200   3.1099   0.5853   0.8390       325.5664        22.8943       337.8233  0.9637  0.0678   8
   3.5957   2.0807  16.0200   3.1422   0.5811   0.8361       337.2802        23.4245       336.6991  1.0017  0.0696   8
   3.5957   2.0657  16.0200   3.1746   0.5769   0.8331       343.3806        23.9501       335.6091  1.0232  0.0714   8
   3.5957   2.0507  16.0200   3.2069   0.5727   0.8301       327.9151        23.2302       334.5640  0.9801  0.0694   8
   3.5957   3.2357  20.0160   0.1504   1.4056   0.9363         1.6679         0.1056         1.5829  1.0537  0.0667   8
   3.5957   3.2207  20.0160   0.1850   1.3990   0.9359         2.3133         0.1418         2.1603  1.0708  0.0656   8
   3.5957   3.2057  20.0160   0.2197   1.3925   0.9354         3.2659         0.1953         2.9641  1.1018  0.0659   8
   3.5957   3.1907  20.0160   0.2543   1.3860   0.9349         4.4823         0.2623         4.0898  1.0960  0.0641   8
   3.5957   3.1757  20.0160   0.2890   1.3795   0.9344         5.9888         0.3473         5.6743  1.0554  0.0612   8
   3.5957   3.1607  20.0160   0.3237   1.3730   0.9338         8.0846         0.4651         7.9147  1.0215  0.0588   8
   3.5957   3.1457  20.0160   0.3583   1.3665   0.9333        11.7842         0.8904        11.0939  1.0622  0.0803   8
   3.5957   3.1307  20.0160   0.3930   1.3599   0.9327        15.8315         1.1187        15.6175  1.0137  0.0716   8
   3.5957   3.1157  20.0160   0.4277   1.3534   0.9321        20.9562         1.4273        22.0665  0.9497  0.0647   8
   3.5957   3.1007  20.0160   0.4623   1.3469   0.9314        30.3146         1.9574        31.2744  0.9693  0.0626   8
   3.5957   3.0857  20.0160   0.4970   1.3404   0.9308        41.3422         2.5957        44.4232  0.9306  0.0584   8
   3.5957   3.0707  20.0160   0.5317   1.3339   0.9301        57.2411         3.4610        63.1810  0.9060  0.0548   8
   3.5957   3.0557  20.0160   0.5663   1.3274   0.9294        81.1790         4.8179        89.8866  0.9031  0.0536   8
   3.5957   3.0407  20.0160   0.6010   1.3208   0.9287       111.2929         6.5414       127.8216  0.8707  0.0512   8
   3.5957   3.0257  20.0160   0.6357   1.3143   0.9279       163.4134        11.1491       181.6590  0.8996  0.0614   8
   3.5957   3.0107  20.0160   0.6703   1.3078   0.9271       238.4500        15.6659       258.3170  0.9231  0.0606   8
   3.5957   2.9957  20.0160   0.7050   1.3013   0.9263       341.1778        21.6431       369.0238  0.9245  0.0586   8
   3.5957   2.9807  20.0160   0.7396   1.2948   0.9255       499.2125        30.9365       534.8794  0.9333  0.0578   8
   3.5957   2.9657  20.0160   0.7743   1.2883   0.9247       776.3673        47.4242       804.0011  0.9656  0.0590   8
   3.5957   2.9507  20.0160   0.8090   1.2818   0.9238      1202.3341        72.2098      1319.3571  0.9113  0.0547   8
   3.5957   2.9357  20.0160   0.8436   1.2752   0.9229      2594.7111       154.6675      2769.6375  0.9368  0.0558   8
   3.5957   2.9207  20.0160   0.8783   1.2687   0.9220     48393.3889      2862.6886     52395.7688  0.9236  0.0546   8
   3.5957   2.9057  20.0160   0.9130   1.2622   0.9210      3327.5315       228.1629      3449.0259  0.9648  0.0662   8
   3.5957   2.8907  20.0160   0.9476   1.2557   0.9200      1608.4696       109.9782      1725.8805  0.9320  0.0637   8
   3.5957   2.8757  20.0160   0.9823   1.2492   0.9190      1107.6427        74.4200      1167.1387  0.9490  0.0638   8
   3.5957   2.8607  20.0160   1.0170   1.2427   0.9180       808.5925        54.8450       888.4108  0.9102  0.0617   8
   3.5957   2.8457  20.0160   1.0516   1.2361   0.9169       694.8321        40.8145       721.1164  0.9636  0.0566   8
   3.5957   2.8307  20.0160   1.0863   1.2296   0.9158       578.3411        33.7762       609.9419  0.9482  0.0554   8
   3.5957   2.8157  20.0160   1.1209   1.2231   0.9147       470.4130        27.5698       531.2639  0.8855  0.0519   8
   3.5957   2.8007  20.0160   1.1556   1.2166   0.9135       419.6987        24.9968       473.2166  0.8869  0.0528   8
   3.5957   2.7857  20.0160   1.1903   1.2101   0.9124       391.2811        23.2233       429.1320  0.9118  0.0541   8
   3.5957   2.7707  20.0160   1.2249   1.2036   0.9112       355.9493        21.1094       394.9370  0.9013  0.0534   8
   3.5957   2.7557  20.0160   1.2596   1.1971   0.9099       314.5503        18.7179       367.9906  0.8548  0.0509   8
   3.5957   2.7407  20.0160   1.2943   1.1905   0.9087       294.0067        17.5103       346.4328  0.8487  0.0505   8
   3.5957   2.7257  20.0160   1.3289   1.1840   0.9074       276.1174        16.4640       328.9709  0.8393  0.0500   8
   3.5957   2.7107  20.0160   1.3636   1.1775   0.9060       266.7597        15.9112       314.6392  0.8478  0.0506   8
   3.6007   3.5007  15.0000   0.2090   0.8590   0.9661         0.0700         0.0544         1.3717  0.0510  0.0396   5
   3.6007   3.4837  15.0000   0.2451   0.8549   0.9660         1.0989         0.1099         2.0382  0.5391  0.0539   5
   3.6007   3.4657  15.0000   0.2833   0.8504   0.9658         0.5769         0.1804         3.1228  0.1848  0.0578   5
   3.6007   3.4487  15.0000   0.3193   0.8463   0.9656         1.9290         0.2626         4.7074  0.4098  0.0558   5
   3.6007   3.4317  15.0000   0.3554   0.8421   0.9654         4.3614         0.3724         7.1516  0.6099  0.0521   5
   3.6007   3.4137  15.0000   0.3936   0.8377   0.9651         6.8213         0.5196        11.2357  0.6071  0.0462   5
   3.6007   3.3967  15.0000   0.4297   0.8335   0.9649        14.4411         0.7911        18.5846  0.7770  0.0426   5
   3.6007   3.3797  15.0000   0.4657   0.8293   0.9646        23.8856         1.1707        32.8415  0.7273  0.0356   5
   3.6007   3.3627  15.0000   0.5018   0.8252   0.9643        43.0243         1.8245        54.5468  0.7888  0.0334   5
   3.6007   3.3447  15.0000   0.5400   0.8207   0.9639        75.0946         6.8093        91.6713  0.8192  0.0743   5
   3.6007   3.3287  15.0000   0.5740   0.8168   0.9636       131.2246         9.1227       144.2309  0.9098  0.0633   5
   3.6007   3.3127  15.0000   0.6079   0.8129   0.9632       197.8730        12.1561       225.8155  0.8763  0.0538   5
   3.6007   3.2957  15.0000   0.6440   0.8087   0.9628       307.5921        16.6879       362.2562  0.8491  0.0461   5
   3.6007   3.2797  15.0000   0.6779   0.8048   0.9624       449.5589        22.5473       563.7004  0.7975  0.0400   5
   3.6007   3.2637  15.0000   0.7119   0.8009   0.9619       747.6116        33.3191       876.3901  0.8531  0.0380   5
   3.6007   3.2467  15.0000   0.7480   0.7967   0.9614      1244.4999        50.6698      1408.8042  0.8834  0.0360   5
   3.6007   3.2307  15.0000   0.7819   0.7928   0.9609      2154.1868        81.8535      2259.0253  0.9536  0.0362   5
   3.6007   3.2147  15.0000   0.8159   0.7888   0.9604      3639.8709       136.3838      3927.9456  0.9267  0.0347   5
   3.6007   3.1987  15.0000   0.8498   0.7849   0.9599      9292.5282       335.9972      9043.0279  1.0276  0.0372   5
   3.6007   3.1817  15.0000   0.8859   0.7807   0.9593     57728.2165      2054.3400     52586.8341  1.0978  0.0391   5
   3.6007   3.1657  15.0000   0.9198   0.7768   0.9587      8452.6211       301.2445      7491.7966  1.1283  0.0402   5
   3.6007   3.1507  15.0000   0.9517   0.7731   0.9581      4440.0224       201.0283      4138.7282  1.0728  0.0486   5
   3.6007   3.1357  15.0000   0.9835   0.7695   0.9575      3239.9060       141.3386      2822.5910  1.1478  0.0501   5
   3.6007   3.1197  15.0000   1.0174   0.7655   0.9568      2206.3366        99.0841      2079.1711  1.0612  0.0477   5
   3.6007   3.1047  15.0000   1.0493   0.7619   0.9562      1757.2858        78.2169      1651.9815  1.0637  0.0473   5
   3.6007   3.0897  15.0000   1.0811   0.7582   0.9555      1385.2599        62.2903      1365.1515  1.0147  0.0456   5
   3.6007   3.0737  15.0000   1.1150   0.7542   0.9547      1156.4660        52.2383      1152.9059  1.0031  0.0453   5
   3.6007   3.0587  15.0000   1.1469   0.7506   0.9540       900.1369        42.3377      1011.8481  0.8896  0.0418   5
   3.6007   3.0437  15.0000   1.1787   0.7469   0.9532       828.5742        38.1554       909.3200  0.9112  0.0420   5
   3.6007   3.0277  15.0000   1.2127   0.7430   0.9524       725.0884        34.0558       830.5434  0.8730  0.0410   5
   3.6007   3.0127  15.0000   1.2445   0.7393   0.9516       637.1922        31.1490       776.8630  0.8202  0.0401   5
   3.6007   2.9977  15.0000   1.2763   0.7356   0.9508       658.5309        31.1451       737.3435  0.8931  0.0422   5
   3.6007   2.9817  15.0000   1.3103   0.7317   0.9498       578.6136        28.9600       705.4420  0.8202  0.0411   5
   3.6007   2.9667  15.0000   1.3421   0.7280   0.9489       598.8436        26.4429       682.0669  0.8780  0.0388   5
   3.6007   2.9527  15.0000   1.3718   0.7246   0.9481       603.3125        25.8657       663.3656  0.9095  0.0390   5
   3.6007   2.9377  15.0000   1.4036   0.7209   0.9471       564.6632        24.4384       645.0092  0.8754  0.0379   5
   3.6007   2.9237  15.0000   1.4333   0.7174   0.9462       594.0130        24.5752       628.3441  0.9454  0.0391   5
   3.6007   2.9087  15.0000   1.4652   0.7138   0.9452       536.3955        22.6507       610.2464  0.8790  0.0371   5
   3.6007   2.8947  15.0000   1.4949   0.7103   0.9443       555.5176        22.6182       592.6423  0.9374  0.0382   5
   3.6007   2.8797  15.0000   1.5267   0.7066   0.9432       505.0342        21.0817       572.9992  0.8814  0.0368   5
   3.6007   2.8657  15.0000   1.5564   0.7032   0.9422       529.2990        21.2853       554.0865  0.9553  0.0384   5
   3.6007   2.8517  15.0000   1.5861   0.6998   0.9412       517.5439        20.7067       534.8653  0.9676  0.0387   5
   3.6007   2.8367  15.0000   1.6179   0.6961   0.9401       518.2045        20.8663       514.3026  1.0076  0.0406   5
   3.6007   2.8227  15.0000   1.6477   0.6927   0.9390       487.5282        19.9909       495.5316  0.9838  0.0403   5
   3.6007   2.8077  15.0000   1.6795   0.6890   0.9378       482.1006        20.1892       476.2993  1.0122  0.0424   5
   3.9007   3.7407  15.0000   0.1862   0.9944   0.9657         0.3990         0.1157         1.3916  0.2867  0.0831   5
   3.9007   3.7227  15.0000   0.2248   0.9896   0.9655         0.8432         0.1469         2.0679  0.4078  0.0710   5
   3.9007   3.7037  15.0000   0.2655   0.9846   0.9652         1.7963         0.1939         3.1645  0.5676  0.0613   5
   3.9007   3.6857  15.0000   0.3040   0.9798   0.9650         3.0979         0.2756         4.7710  0.6493  0.0578   5
   3.9007   3.6667  15.0000   0.3447   0.9747   0.9647         6.2208         0.3982         7.4209  0.8383  0.0537   5
   3.9007   3.6487  15.0000   0.3833   0.9699   0.9644        11.1416         0.5902        12.6752  0.8790  0.0466   5
   3.9007   3.6297  15.0000   0.4240   0.9649   0.9640        17.9202         0.8520        21.1760  0.8463  0.0402   5
   3.9007   3.6117  15.0000   0.4626   0.9601   0.9637        30.1688         1.2832        34.1989  0.8822  0.0375   5
   3.9007   3.5927  15.0000   0.5033   0.9551   0.9633        54.2437         4.4119        56.5359  0.9595  0.0780   5
   3.9007   3.5747  15.0000   0.5418   0.9503   0.9629        78.6781         5.6902        90.8061  0.8664  0.0627   5
   3.9007   3.5577  15.0000   0.5783   0.9457   0.9625       127.1493         7.5303       141.7787  0.8968  0.0531   5
   3.9007   3.5397  15.0000   0.6168   0.9410   0.9620       204.3663        10.7072       226.7108  0.9014  0.0472   5
   3.9007   3.5227  15.0000   0.6532   0.9364   0.9616       294.7882        14.5069       352.2883  0.8368  0.0412   5
   3.9007   3.5047  15.0000   0.6918   0.9317   0.9611       484.2151        21.1479       560.7064  0.8636  0.0377   5
   3.9007   3.4877  15.0000   0.7282   0.9271   0.9606       731.2650        30.1800       872.1577  0.8385  0.0346   5
   3.9007   3.4697  15.0000   0.7668   0.9224   0.9600      1296.4684        49.1474      1420.8742  0.9124  0.0346   5
   3.9007   3.4527  15.0000   0.8032   0.9178   0.9595      2197.7833        81.7132      2404.9639  0.9139  0.0340   5
   3.9007   3.4347  15.0000   0.8418   0.9130   0.9589      5295.2175       190.0117      5322.9095  0.9948  0.0357   5
   3.9007   3.4177  15.0000   0.8782   0.9085   0.9583    107195.5035      3780.8914    100779.7891  1.0637  0.0375   5
   3.9007   3.3997  15.0000   0.9168   0.9037   0.9576      6639.0520       236.4907      6165.2627  1.0768  0.0384   5
   3.9007   3.3837  15.0000   0.9510   0.8995   0.9570      3590.7856       142.5795      3202.6053  1.1212  0.0445   5
   3.9007   3.3677  15.0000   0.9853   0.8952   0.9563      2311.7658        92.1396      2151.4721  1.0745  0.0428   5
   3.9007   3.3507  15.0000   1.0217   0.8907   0.9556      1687.8254        66.8946      1583.8472  1.0656  0.0422   5
   3.9007   3.3347  15.0000   1.0560   0.8865   0.9549      1374.1454        53.6535      1263.5114  1.0876  0.0425   5
   3.9007   3.3177  15.0000   1.0924   0.8819   0.9542      1070.5654        42.4227      1039.6858  1.0297  0.0408   5
   3.9007   3.3017  15.0000   1.1267   0.8777   0.9534       889.5206        35.5045       894.2857  0.9947  0.0397   5
   3.9007   3.2847  15.0000   1.1631   0.8732   0.9526       765.9815        30.4815       784.3867  0.9765  0.0389   5
   3.9007   3.2687  15.0000   1.1974   0.8689   0.9518       665.8558        26.5489       709.4313  0.9386  0.0374   5
   3.9007   3.2517  15.0000   1.2338   0.8644   0.9510       564.2726        23.2859       651.0175  0.8668  0.0358   5
   3.9007   3.2357  15.0000   1.2681   0.8601   0.9501       522.4694        21.7293       609.9834  0.8565  0.0356   5
   3.9007   3.2197  15.0000   1.3024   0.8559   0.9493       532.5254        21.5223       578.5500  0.9204  0.0372   5
   3.9007   3.2027  15.0000   1.3388   0.8514   0.9483       455.7918        19.5900       552.1347  0.8255  0.0355   5
   4.3007   4.0487  15.0000   0.1666   1.1866   0.9648         0.8149         0.1029         1.4925  0.5460  0.0690   5
   4.3007   4.0287  15.0000   0.2100   1.1808   0.9645         2.1790         0.1552         2.2523  0.9674  0.0689   5
   4.3007   4.0087  15.0000   0.2534   1.1749   0.9642         3.4421         0.2141         3.5175  0.9786  0.0609   5
   4.3007   3.9887  15.0000   0.2968   1.1690   0.9638         5.8748         0.3039         5.5783  1.0532  0.0545   5
   4.3007   3.9687  15.0000   0.3402   1.1632   0.9634         9.3425         0.4291         8.8753  1.0526  0.0484   5
   4.3007   3.9477  15.0000   0.3857   1.1570   0.9630        14.7042         0.6217        14.5465  1.0108  0.0427   5
   4.3007   3.9277  15.0000   0.4291   1.1512   0.9626        25.2041         1.9259        23.4090  1.0767  0.0823   5
   4.3007   3.9087  15.0000   0.4704   1.1456   0.9622        36.9180         2.4910        36.9072  1.0003  0.0675   5
   4.3007   3.8897  15.0000   0.5116   1.1400   0.9617        53.5964         3.2880        58.2966  0.9194  0.0564   5
   4.3007   3.8707  15.0000   0.5528   1.1345   0.9612        83.9958         4.4806        92.1287  0.9117  0.0486   5
   4.3007   3.8517  15.0000   0.5940   1.1289   0.9607       128.5418         6.1160       145.4391  0.8838  0.0421   5
   4.3007   3.8327  15.0000   0.6352   1.1233   0.9602       216.8321         9.1241       229.0694  0.9466  0.0398   5
   4.3007   3.8137  15.0000   0.6765   1.1178   0.9597       327.7823        12.9165       360.1480  0.9101  0.0359   5
   4.3007   3.7947  15.0000   0.7177   1.1122   0.9591       515.6241        19.2854       568.4903  0.9070  0.0339   5
   4.3007   3.7757  15.0000   0.7589   1.1066   0.9585       850.1080        30.6244       918.2246  0.9258  0.0334   5
   4.3007   3.7567  15.0000   0.8001   1.1011   0.9579      1494.9064        52.7958      1601.9666  0.9332  0.0330   5
   4.3007   3.7377  15.0000   0.8414   1.0955   0.9572      3584.2749       124.6763      3640.1493  0.9847  0.0343   5
   4.3007   3.7187  15.0000   0.8826   1.0899   0.9565     68976.8535      2384.8968     67743.8323  1.0182  0.0352   5
   4.3007   3.6997  15.0000   0.9238   1.0843   0.9558      3862.3592       149.0456      3615.5392  1.0683  0.0412   5
   4.3007   3.6817  15.0000   0.9629   1.0791   0.9551      2104.8784        79.8243      1941.7483  1.0840  0.0411   5
   4.3007   3.6637  15.0000   1.0019   1.0738   0.9544      1420.6658        53.7876      1331.6961  1.0668  0.0404   5
   4.3007   3.6457  15.0000   1.0410   1.0685   0.9537      1078.7994        40.4708      1014.3715  1.0635  0.0399   5
   4.3007   3.6287  15.0000   1.0779   1.0635   0.9529       841.2698        31.8612       829.8042  1.0138  0.0384   5
   4.3007   3.6107  15.0000   1.1169   1.0583   0.9521       670.5160        25.6261       698.8758  0.9594  0.0367   5
   4.3007   3.5927  15.0000   1.1560   1.0530   0.9513       569.5645        21.6366       607.6558  0.9373  0.0356   5
   4.3007   3.5747  15.0000   1.1950   1.0477   0.9505       518.5313        19.4874       541.9734  0.9567  0.0360   5
   4.3007   3.5567  15.0000   1.2341   1.0424   0.9496       446.4545        17.0629       493.4480  0.9048  0.0346   5
   4.3007   3.5387  15.0000   1.2731   1.0372   0.9487       421.1934        16.0982       456.8990  0.9219  0.0352   5
   4.3007   3.5207  15.0000   1.3122   1.0319   0.9478       381.7516        14.8154       428.6769  0.8905  0.0346   5
   4.3007   3.5027  15.0000   1.3512   1.0266   0.9468       369.4938        14.4350       406.3339  0.9093  0.0355   5
   4.3007   3.4857  15.0000   1.3881   1.0216   0.9459       379.5033        15.6246       388.9586  0.9757  0.0402   5
   4.3007   3.4687  15.0000   1.4250   1.0166   0.9449       351.1698        14.5631       374.1079  0.9387  0.0389   5
   4.3007   3.4517  15.0000   1.4619   1.0117   0.9440       330.8504        13.7164       361.0040  0.9165  0.0380   5
   4.3007   3.4347  15.0000   1.4988   1.0067   0.9430       350.3101        13.9112       349.1179  1.0034  0.0398   5
   4.3007   3.4177  15.0000   1.5356   1.0017   0.9419       326.9156        13.1516       338.0828  0.9670  0.0389   5
   4.3007   3.4007  15.0000   1.5725   0.9967   0.9409       338.9313        13.2602       327.7490  1.0341  0.0405   5
   4.3007   3.3837  15.0000   1.6094   0.9917   0.9398       312.3985        12.3024       318.0789  0.9821  0.0387   5
   4.3007   3.3667  15.0000   1.6463   0.9867   0.9387       301.9483        11.8095       309.1208  0.9768  0.0382   5
   4.3007   3.3497  15.0000   1.6832   0.9818   0.9376       289.9162        11.3631       300.9507  0.9633  0.0378   5
   4.3007   3.3327  15.0000   1.7201   0.9768   0.9364       263.5327        10.6371       293.6677  0.8974  0.0362   5
   4.3007   3.3167  15.0000   1.7548   0.9721   0.9353       259.5465        10.5442       287.6842  0.9022  0.0367   5
   4.3007   3.2997  15.0000   1.7917   0.9671   0.9341       267.3101        10.9835       282.3011  0.9469  0.0389   5
   6.4657   6.3467   8.0000   0.3049   0.7987   0.9901         0.8659         0.3104         3.6701  0.2359  0.0846   6
   6.4657   6.3337   8.0000   0.3310   0.7971   0.9901         1.7027         0.2980         4.9954  0.3408  0.0597   6
   6.4657   6.3207   8.0000   0.3570   0.7955   0.9901         3.5812         0.3820         6.8259  0.5247  0.0560   6
   6.4657   6.3087   8.0000   0.3810   0.7939   0.9900         5.7597         0.4973         9.1389  0.6302  0.0544   6
   6.4657   6.2957   8.0000   0.4071   0.7923   0.9900         9.4559         0.6799        12.5885  0.7512  0.0540   6
   6.4657   6.2827   8.0000   0.4331   0.7907   0.9899        13.4079         0.8923        17.4167  0.7698  0.0512   6
   6.4657   6.2707   8.0000   0.4571   0.7892   0.9899        20.5915         1.1134        26.2061  0.7858  0.0425   6
   6.4657   6.2577   8.0000   0.4832   0.7875   0.9898        29.5180         1.5975        40.3588  0.7314  0.0396   6
   6.4657   6.2447   8.0000   0.5092   0.7859   0.9897        42.8448         1.8621        59.3589  0.7218  0.0314   6
   6.4657   6.2357   8.0000   0.5272   0.7848   0.9897        57.6697         3.2347        76.7584  0.7513  0.0421   6
   7.2357   7.0887   8.0000   0.1579   0.9983   0.9901         0.2005         0.0604         1.0505  0.1909  0.0575   6
   7.2357   7.0737   8.0000   0.1881   0.9962   0.9901         0.4392         0.0964         1.4313  0.3069  0.0673   6
   7.2357   7.0597   8.0000   0.2164   0.9943   0.9900         0.9948         0.1324         1.9165  0.5191  0.0691   6
   7.2357   7.0457   8.0000   0.2446   0.9923   0.9900         1.3975         0.1666         2.5745  0.5428  0.0647   6
   7.2357   7.0317   8.0000   0.2729   0.9903   0.9899         2.3410         0.2211         3.4700  0.6747  0.0637   6
   7.2357   7.0177   8.0000   0.3011   0.9883   0.9899         3.6214         0.2965         4.6936  0.7716  0.0632   6
   7.2357   7.0027   8.0000   0.3314   0.9862   0.9898         4.9898         0.3753         6.5138  0.7660  0.0576   6
   7.2357   6.9887   8.0000   0.3596   0.9843   0.9897         6.7643         0.4449         9.5427  0.7088  0.0466   6
   7.2357   6.9747   8.0000   0.3878   0.9823   0.9897        10.5007         0.6078        13.6967  0.7667  0.0444   6
   7.2357   6.9647   8.0000   0.4080   0.9809   0.9896        13.2843         0.9925        17.6155  0.7541  0.0563   6
   7.9337   7.6807   8.0000   0.1691   1.1861   0.9898         1.0967         0.0692         1.5339  0.7150  0.0451   6
   7.9337   7.6657   8.0000   0.1995   1.1838   0.9897         1.5597         0.0863         2.0508  0.7605  0.0421   6
   7.9337   7.6497   8.0000   0.2320   1.1813   0.9897         2.3276         0.1191         2.8054  0.8297  0.0425   6
   7.9337   7.6337   8.0000   0.2645   1.1788   0.9896         3.2419         0.1556         4.0020  0.8101  0.0389   6
   7.9337   7.6217   8.0000   0.2889   1.1770   0.9895         4.3375         0.2451         5.1825  0.8369  0.0473   6
   8.5767   8.2257   8.0000   0.1658   1.3732   0.9895         1.3850         0.0915         1.7930  0.7725  0.0510   6
