   0.6007   0.5707  34.0000   0.8194   0.1172   0.8415      2496.6415       135.5951     14407.2224  0.1733  0.0094   1
   0.6007   0.5607  34.0000   0.8402   0.1152   0.8407     29161.0576       903.9925     30888.8675  0.9441  0.0293   1
   0.6007   0.5507  34.0000   0.8611   0.1131   0.8396    119527.8169      3648.5797     81674.8567  1.4635  0.0447   1
   0.6007   0.5407  34.0000   0.8819   0.1111   0.8382   1746955.3834     53373.9275   1176487.9859  1.4849  0.0454   1
   0.6007   0.5307  34.0000   0.9027   0.1090   0.8366    125448.8617      3843.7473     82840.0962  1.5143  0.0464   1
   0.6007   0.5207  34.0000   0.9235   0.1070   0.8346     60731.4242      1872.5884     41234.2400  1.4728  0.0454   1
   0.6007   0.5107  34.0000   0.9443   0.1049   0.8324     35652.2135      1110.3711     25526.4747  1.3967  0.0435   1
   0.6007   0.5007  34.0000   0.9652   0.1029   0.8298     22134.6381       699.7607     17170.5307  1.2891  0.0408   1
   0.6007   0.4907  34.0000   0.9860   0.1008   0.8269     13949.5933       451.1295     12074.6230  1.1553  0.0374   1
   0.6407   0.6057  34.0000   0.8133   0.1327   0.8413      2690.2050       117.6998     12078.8389  0.2227  0.0097   1
   0.6407   0.5957  34.0000   0.8343   0.1305   0.8404     32253.3148      1002.9509     24989.0524  1.2907  0.0401   1
   0.6407   0.5857  34.0000   0.8552   0.1283   0.8394     88114.7237      2714.8000     58156.7807  1.5151  0.0467   1
   0.6407   0.5757  34.0000   0.8762   0.1261   0.8381    614979.1958     18942.6272    403196.8208  1.5253  0.0470   1
   0.6407   0.5657  34.0000   0.8972   0.1239   0.8365    162576.8563      5018.8894    104753.7341  1.5520  0.0479   1
   0.6407   0.5557  34.0000   0.9181   0.1218   0.8347     70996.3454      2202.8188     45679.3252  1.5542  0.0482   1
   0.6407   0.5457  34.0000   0.9391   0.1196   0.8326     41876.5315      1310.0838     27458.6745  1.5251  0.0477   1
   0.6407   0.5357  34.0000   0.9600   0.1174   0.8302     26437.3551       838.1055     18348.9426  1.4408  0.0457   1
   0.6407   0.5257  34.0000   0.9810   0.1152   0.8275     17082.8443       552.4446     12921.5300  1.3220  0.0428   1
   0.6407   0.5157  34.0000   1.0019   0.1130   0.8245     11110.9859       369.6730      9395.8308  1.1825  0.0393   1
   0.6407   0.5057  34.0000   1.0229   0.1108   0.8212      7671.7460       263.1983      6984.1474  1.0985  0.0377   1
   0.6407   0.4957  34.0000   1.0438   0.1086   0.8176      5271.8749       188.8919      5278.5202  0.9987  0.0358   1
   0.6407   0.4857  34.0000   1.0648   0.1064   0.8136      3936.1456       146.2141      4044.2209  0.9733  0.0362   1
   0.6407   0.4757  34.0000   1.0858   0.1042   0.8092      2951.0088       114.6824      3137.2564  0.9406  0.0366   1
   0.6407   0.4657  34.0000   1.1067   0.1020   0.8045      2230.3232        92.5384      2465.1898  0.9047  0.0375   1
   0.7307   0.6957  37.1000   0.7402   0.2058   0.8153       -49.1088         2.0940      1768.6810 -0.0278  0.0012   4
   0.7307   0.6857  37.1000   0.7619   0.2029   0.8147      1229.9156        39.4232      2996.2554  0.4105  0.0132   4
   0.7307   0.6757  37.1000   0.7837   0.1999   0.8139      6147.1671       188.3181      5823.5209  1.0556  0.0323   4
   0.7307   0.6457  37.1000   0.8488   0.1910   0.8106     50149.5476      1594.3566     37597.0182  1.3339  0.0424   4
   0.7307   0.6357  37.1000   0.8706   0.1881   0.8091    198205.6337      6327.3132    134703.3263  1.4714  0.0470   4
   0.7307   0.6257  37.1000   0.8923   0.1851   0.8073    164464.2647      5197.5162    115824.1719  1.4199  0.0449   4
   0.7307   0.6157  37.1000   0.9140   0.1821   0.8054     58882.1959      2383.8121     40946.4883  1.4380  0.0582   4
   0.7307   0.6057  37.1000   0.9357   0.1792   0.8033     32929.0417      1126.5461     23918.1217  1.3767  0.0471   4
   0.7307   0.5957  37.1000   0.9575   0.1762   0.8010     22409.6552       818.5122     16088.4217  1.3929  0.0509   4
   0.7307   0.5857  37.1000   0.9792   0.1733   0.7984     14929.1212       565.7774     11546.7026  1.2929  0.0490   4
   0.7307   0.5657  37.1000   1.0226   0.1674   0.7925      6935.9018       227.5116      6558.2357  1.0576  0.0347   4
   0.7307   0.5557  37.1000   1.0444   0.1644   0.7892      5093.9182       188.0096      5086.2754  1.0015  0.0370   4
   0.7307   0.5357  37.1000   1.0878   0.1585   0.7817      2637.3245       134.7709      3191.8842  0.8263  0.0422   4
   0.7307   0.5257  37.1000   1.1095   0.1555   0.7776      2149.3119        93.8910      2577.3994  0.8339  0.0364   4
   0.7307   0.5057  37.1000   1.1530   0.1496   0.7684      1461.2467        91.0388      1775.4620  0.8230  0.0513   4
   0.7307   0.4957  37.1000   1.1747   0.1466   0.7633      1599.9659        90.3089      1526.6907  1.0480  0.0592   4
   0.7307   0.4857  37.1000   1.1964   0.1437   0.7580      1304.6988        80.5051      1359.1523  0.9599  0.0592   4
   0.7307   0.4757  37.1000   1.2181   0.1407   0.7523      1277.7756        61.9362      1251.2339  1.0212  0.0495   4
   0.7307   0.4657  37.1000   1.2399   0.1378   0.7463      1357.3321        64.1877      1197.4230  1.1335  0.0536   4
   0.7307   0.4557  37.1000   1.2616   0.1348   0.7399      1384.0624        63.5340      1190.3906  1.1627  0.0534   4
   0.7307   0.4457  37.1000   1.2833   0.1319   0.7332      1613.2325        84.8762      1215.5761  1.3271  0.0698   4
   0.7307   0.4357  37.1000   1.3050   0.1289   0.7261      1612.4403        69.0678      1269.0670  1.2706  0.0544   4
   0.7307   0.4257  37.1000   1.3268   0.1259   0.7186      1930.2688        92.2002      1342.5790  1.4377  0.0687   4
   0.7307   0.4157  37.1000   1.3485   0.1230   0.7108      1710.7317        87.3396      1428.1730  1.1978  0.0612   4
   0.7307   0.4057  37.1000   1.3702   0.1200   0.7025      1874.8525        92.1812      1518.1611  1.2349  0.0607   4
   0.7307   0.3957  37.1000   1.3919   0.1171   0.6939      2055.9255        84.5081      1605.3513  1.2807  0.0526   4
   0.7307   0.3857  37.1000   1.4137   0.1141   0.6849      1983.0390        72.8169      1683.3710  1.1780  0.0433   4
   0.7307   0.3657  37.1000   1.4571   0.1082   0.6655      2005.4793        82.7292      1792.3452  1.1189  0.0462   4
   0.7307   0.3557  37.1000   1.4788   0.1052   0.6552      1642.4190        93.0579      1817.3559  0.9037  0.0512   4
   0.7307   0.3457  37.1000   1.5005   0.1023   0.6445      2262.9989        91.1812      1821.3012  1.2425  0.0501   4
   0.9617   0.8777  37.5000   0.6891   0.3489   0.8096       431.9735       120.9546       743.3813  0.5811  0.1627   7
   0.9617   0.8677  37.5000   0.7118   0.3449   0.8088       928.4592       155.0673      1406.1926  0.6603  0.1103   7
   0.9617   0.8577  37.5000   0.7346   0.3409   0.8079      1568.6745       216.7774      2216.4109  0.7078  0.0978   7
   0.9617   0.8477  37.5000   0.7573   0.3370   0.8069      2445.2019       297.0290      3402.1871  0.7187  0.0873   7
   0.9617   0.8377  37.5000   0.7801   0.3330   0.8057      5362.9340       497.0034      5201.0601  1.0311  0.0956   7
   0.9617   0.8277  37.5000   0.8028   0.3290   0.8045      8821.9306       553.8506      8067.0739  1.0936  0.0687   7
   0.9617   0.8177  37.5000   0.8255   0.3250   0.8031     14031.4981       708.4982     13155.5096  1.0666  0.0539   7
   0.9617   0.8077  37.5000   0.8483   0.3211   0.8016     32338.2279      1617.6786     24882.6286  1.2996  0.0650   7
   0.9617   0.7977  37.5000   0.8710   0.3171   0.8000    125507.0247      6024.4398     91113.1369  1.3775  0.0661   7
   0.9617   0.7877  37.5000   0.8938   0.3131   0.7982     99403.1745      4571.5379     65228.5670  1.5239  0.0701   7
   0.9617   0.7777  37.5000   0.9165   0.3091   0.7964     35738.3903      1539.1829     24209.3702  1.4762  0.0636   7
   0.9617   0.7677  37.5000   0.9392   0.3052   0.7944     22155.8893       882.0940     14544.3818  1.5233  0.0606   7
   0.9617   0.7577  37.5000   0.9620   0.3012   0.7922     14864.1834       635.7457     10096.1589  1.4723  0.0630   7
   0.9617   0.7477  37.5000   0.9847   0.2972   0.7899     11032.6028       559.2717      7504.8577  1.4701  0.0745   7
   0.9617   0.7377  37.5000   1.0075   0.2932   0.7875      7424.6150       397.9430      5787.2396  1.2829  0.0688   7
   0.9617   0.7277  37.5000   1.0302   0.2893   0.7849      5793.4072       287.9821      4589.4345  1.2623  0.0627   7
   0.9617   0.7177  37.5000   1.0529   0.2853   0.7821      4133.1150       174.6973      3714.4261  1.1127  0.0470   7
   0.9617   0.7077  37.5000   1.0757   0.2813   0.7792      3120.3063       150.8803      3043.7150  1.0252  0.0496   7
   0.9617   0.6977  37.5000   1.0984   0.2773   0.7762      2368.3684       123.3079      2543.0282  0.9313  0.0485   7
   0.9617   0.6877  37.5000   1.1212   0.2734   0.7729      2192.0786       112.7260      2163.2530  1.0133  0.0521   7
   0.9617   0.6777  37.5000   1.1439   0.2694   0.7696      1624.2786        76.1203      1864.1297  0.8713  0.0408   7
   0.9617   0.6677  37.5000   1.1666   0.2654   0.7660      1554.5190        67.7589      1649.6563  0.9423  0.0411   7
   0.9617   0.6577  37.5000   1.1894   0.2614   0.7622      1381.4866        74.7823      1497.2287  0.9227  0.0499   7
   0.9617   0.6477  37.5000   1.2121   0.2575   0.7583      1410.2200        74.9079      1384.2078  1.0188  0.0541   7
   0.9617   0.6377  37.5000   1.2349   0.2535   0.7542      1355.3638        71.9613      1320.7759  1.0262  0.0545   7
   0.9617   0.6277  37.5000   1.2576   0.2495   0.7499      1328.0427        57.6110      1292.4833  1.0275  0.0446   7
   0.9617   0.6177  37.5000   1.2804   0.2455   0.7454      1282.4265        64.7147      1280.6248  1.0014  0.0505   7
   0.9617   0.6077  37.5000   1.3031   0.2416   0.7407      1393.8137        72.2248      1297.0558  1.0746  0.0557   7
   0.9617   0.5977  37.5000   1.3258   0.2376   0.7358      1360.2293        70.4988      1322.4230  1.0286  0.0533   7
   0.9617   0.5877  37.5000   1.3486   0.2336   0.7308      1437.2028        62.9432      1361.0760  1.0559  0.0462   7
   0.9617   0.5777  37.5000   1.3713   0.2296   0.7255      1465.8650        73.9188      1400.2613  1.0469  0.0528   7
   0.9617   0.5677  37.5000   1.3941   0.2257   0.7199      1474.5162        78.6078      1441.6692  1.0228  0.0545   7
   0.9617   0.5577  37.5000   1.4168   0.2217   0.7142      1578.1626        82.1471      1476.3543  1.0690  0.0556   7
   0.9617   0.5477  37.5000   1.4395   0.2177   0.7083      1572.7810        67.5906      1504.4144  1.0454  0.0449   7
   0.9617   0.5377  37.5000   1.4623   0.2137   0.7021      1641.4804        80.5901      1523.6165  1.0774  0.0529   7
   0.9617   0.5277  37.5000   1.4850   0.2098   0.6957      1641.9541        80.0533      1531.1295  1.0724  0.0523   7
   0.9617   0.5177  37.5000   1.5078   0.2058   0.6891      1572.7502        71.0747      1527.2979  1.0298  0.0465   7
   0.9617   0.5077  37.5000   1.5305   0.2018   0.6822      1608.0701        71.0511      1512.4096  1.0633  0.0470   7
   0.9617   0.4977  37.5000   1.5532   0.1978   0.6751      1549.1618        82.0484      1486.6495  1.0420  0.0552   7
   0.9617   0.4877  37.5000   1.5760   0.1939   0.6678      1461.1429        78.5812      1451.7104  1.0065  0.0541   7
   0.9617   0.4777  37.5000   1.5987   0.1899   0.6602      1465.5434        64.2784      1409.1664  1.0400  0.0456   7
   0.9617   0.4677  37.5000   1.6215   0.1859   0.6523      1351.5434        70.9663      1360.8087  0.9932  0.0522   7
   0.9617   0.4577  37.5000   1.6442   0.1819   0.6442      1412.2049        72.7940      1308.4864  1.0793  0.0556   7
   0.9617   0.4477  37.5000   1.6669   0.1780   0.6359      1223.2810        55.5104      1253.9856  0.9755  0.0443   7
   0.9617   0.4377  37.5000   1.6897   0.1740   0.6273      1306.2203        70.7932      1198.9351  1.0895  0.0590   7
   0.9617   0.4277  37.5000   1.7124   0.1700   0.6184      1186.1179        66.3871      1144.7611  1.0361  0.0580   7
   0.9617   0.4177  37.5000   1.7352   0.1660   0.6093      1167.1199        55.9213      1092.6425  1.0682  0.0512   7
   1.1087   0.9717  37.5000   0.6922   0.4453   0.8063       680.6081        54.6335      1063.3931  0.6400  0.0514   7
   1.1087   0.9617  37.5000   0.7155   0.4407   0.8053      1211.8602        81.9913      1554.6726  0.7795  0.0527   7
   1.1087   0.9517  37.5000   0.7389   0.4361   0.8042      1931.7277       112.2105      2258.3827  0.8554  0.0497   7
   1.1087   0.9417  37.5000   0.7622   0.4315   0.8030      3001.1276       159.0171      3282.1908  0.9144  0.0484   7
   1.1087   0.9317  37.5000   0.7856   0.4269   0.8017      4857.5182       237.2929      4822.5955  1.0072  0.0492   7
   1.1087   0.9217  37.5000   0.8089   0.4224   0.8003      7658.9875       318.4948      7315.2930  1.0470  0.0435   7
   1.1087   0.9117  37.5000   0.8322   0.4178   0.7988     13529.1810       520.6906     12031.3854  1.1245  0.0433   7
   1.1087   0.9017  37.5000   0.8556   0.4132   0.7972     30946.3275      1261.9574     25096.7552  1.2331  0.0503   7
   1.1087   0.8917  37.5000   0.8789   0.4086   0.7955    579040.5725     25672.5101    460120.4312  1.2585  0.0558   7
   1.1087   0.8817  37.5000   0.9023   0.4040   0.7937     38960.2338      1702.4394     30102.3014  1.2943  0.0566   7
   1.1087   0.8717  37.5000   0.9256   0.3995   0.7919     19816.5717       851.0194     14559.4054  1.3611  0.0585   7
   1.1087   0.8617  37.5000   0.9490   0.3949   0.7898     12420.4240       490.2471      9429.1409  1.3172  0.0520   7
   1.1087   0.8517  37.5000   0.9723   0.3903   0.7877      8855.6720       327.0069      6819.5778  1.2986  0.0480   7
   1.1087   0.8417  37.5000   0.9957   0.3857   0.7855      6820.7614       276.5515      5228.5737  1.3045  0.0529   7
   1.1087   0.8317  37.5000   1.0190   0.3811   0.7832      5017.4800       215.5668      4146.7483  1.2100  0.0520   7
   1.1087   0.8217  37.5000   1.0424   0.3765   0.7807      4120.0211       177.9303      3378.5940  1.2194  0.0527   7
   1.1087   0.8117  37.5000   1.0657   0.3720   0.7781      2917.1838       131.9565      2799.6038  1.0420  0.0471   7
   1.1087   0.8017  37.5000   1.0891   0.3674   0.7754      2514.8555        96.9258      2360.8297  1.0652  0.0411   7
   1.1087   0.7917  37.5000   1.1124   0.3628   0.7726      1934.9699        76.3277      2030.8768  0.9528  0.0376   7
   1.1087   0.7817  37.5000   1.1358   0.3582   0.7697      1610.8903        72.7257      1772.0979  0.9090  0.0410   7
   1.1087   0.7717  37.5000   1.1591   0.3536   0.7666      1430.1468        65.4497      1583.5985  0.9031  0.0413   7
   1.1087   0.7617  37.5000   1.1825   0.3490   0.7634      1287.7534        58.9592      1435.6373  0.8970  0.0411   7
   1.1087   0.7517  37.5000   1.2058   0.3445   0.7600      1206.2014        48.9505      1330.1366  0.9068  0.0368   7
   1.1087   0.7417  37.5000   1.2292   0.3399   0.7566      1199.3239        46.9735      1264.1160  0.9487  0.0372   7
   1.1087   0.7317  37.5000   1.2525   0.3353   0.7529       978.0366        46.4763      1218.0101  0.8030  0.0382   7
   1.1087   0.7217  37.5000   1.2759   0.3307   0.7492      1087.2198        49.5060      1194.5023  0.9102  0.0414   7
   1.1087   0.7117  37.5000   1.2992   0.3261   0.7453      1166.0610        51.8593      1192.2136  0.9781  0.0435   7
   1.1087   0.7017  37.5000   1.3226   0.3216   0.7412      1182.9928        46.7226      1196.1984  0.9890  0.0391   7
   1.1087   0.6917  37.5000   1.3459   0.3170   0.7370      1187.3410        47.2353      1208.9954  0.9821  0.0391   7
   1.1087   0.6817  37.5000   1.3692   0.3124   0.7326      1221.5124        53.8367      1226.3811  0.9960  0.0439   7
   1.1087   0.6717  37.5000   1.3926   0.3078   0.7281      1257.7211        54.6515      1247.1459  1.0085  0.0438   7
   1.1087   0.6617  37.5000   1.4159   0.3032   0.7234      1182.6210        52.0152      1263.2704  0.9362  0.0412   7
   1.1087   0.6517  37.5000   1.4393   0.2986   0.7186      1263.0041        46.8122      1275.9723  0.9898  0.0367   7
   1.1087   0.6417  37.5000   1.4626   0.2941   0.7136      1233.9063        50.5386      1283.3909  0.9614  0.0394   7
   1.1087   0.6317  37.5000   1.4860   0.2895   0.7084      1189.8832        51.3774      1284.3604  0.9264  0.0400   7
   1.1087   0.6217  37.5000   1.5093   0.2849   0.7031      1244.9751        52.6139      1278.2883  0.9739  0.0412   7
   1.1087   0.6117  37.5000   1.5327   0.2803   0.6976      1265.6601        47.2269      1265.0800  1.0005  0.0373   7
   1.1087   0.6017  37.5000   1.5560   0.2757   0.6919      1143.8724        45.9031      1245.0621  0.9187  0.0369   7
   1.1087   0.5917  37.5000   1.5794   0.2712   0.6860      1170.6330        50.3907      1218.8994  0.9604  0.0413   7
   1.1087   0.5817  37.5000   1.6027   0.2666   0.6800      1154.5630        49.7317      1187.5062  0.9723  0.0419   7
   1.1087   0.5717  37.5000   1.6261   0.2620   0.6738      1142.3823        43.1831      1151.9594  0.9917  0.0375   7
   1.1087   0.5617  37.5000   1.6494   0.2574   0.6674      1104.4678        43.7430      1113.4168  0.9920  0.0393   7
   1.1087   0.5517  37.5000   1.6728   0.2528   0.6608      1030.0747        44.7176      1073.0451  0.9600  0.0417   7
   1.1087   0.5417  37.5000   1.6961   0.2482   0.6541       983.8566        43.0077      1031.9612  0.9534  0.0417   7
   1.1087   0.5317  37.5000   1.7195   0.2437   0.6471       956.6480        35.2401       991.1859  0.9652  0.0356   7
   1.1087   0.5217  37.5000   1.7428   0.2391   0.6400       951.3178        39.2342       951.5880  0.9997  0.0412   7
   1.1087   0.5117  37.5000   1.7662   0.2345   0.6326       904.1046        37.6161       913.8743  0.9893  0.0412   7
   1.1087   0.5017  37.5000   1.7895   0.2299   0.6251       839.8970        32.6567       878.6501  0.9559  0.0372   7
   1.1087   0.4917  37.5000   1.8129   0.2253   0.6174       793.4761        31.0336       846.3189  0.9376  0.0367   7
   1.1087   0.4817  37.5000   1.8362   0.2207   0.6094       788.0264        32.8549       817.1667  0.9643  0.0402   7
   1.1087   0.4717  37.5000   1.8596   0.2162   0.6013       699.6708        28.5967       791.3498  0.8841  0.0361   7
   1.2997   0.9247  37.5000   1.0873   0.4967   0.7718      2293.6741       102.6675      1903.2538  1.2051  0.0539   7
   1.2997   0.9147  37.5000   1.1115   0.4914   0.7692      1874.7902        74.6348      1660.6008  1.1290  0.0449   7
   1.2997   0.9047  37.5000   1.1356   0.4860   0.7666      1517.4804        58.5203      1473.2442  1.0300  0.0397   7
   1.2997   0.8947  37.5000   1.1597   0.4806   0.7639      1376.2670        58.4747      1329.0332  1.0355  0.0440   7
   1.2997   0.8847  37.5000   1.1839   0.4753   0.7611      1150.4497        51.9247      1219.2354  0.9436  0.0426   7
   1.2997   0.8747  37.5000   1.2080   0.4699   0.7581      1098.6183        48.9322      1137.2221  0.9661  0.0430   7
   1.2997   0.8647  37.5000   1.2321   0.4645   0.7551      1043.9392        46.9626      1077.7059  0.9687  0.0436   7
   1.2997   0.8547  37.5000   1.2563   0.4591   0.7520      1088.4363        41.6071      1036.2880  1.0503  0.0402   7
   1.2997   0.8447  37.5000   1.2804   0.4538   0.7487       964.0718        36.8084      1009.1911  0.9553  0.0365   7
   1.2997   0.8347  37.5000   1.3046   0.4484   0.7454       929.8072        39.8591       993.1046  0.9363  0.0401   7
   1.2997   0.8247  37.5000   1.3287   0.4430   0.7419       978.0631        43.3792       985.1012  0.9929  0.0440   7
   1.2997   0.8147  37.5000   1.3528   0.4376   0.7384       976.9625        42.6406       982.5973  0.9943  0.0434   7
   1.2997   0.8047  37.5000   1.3770   0.4323   0.7347       968.9897        42.2325       983.3380  0.9854  0.0429   7
   1.2997   0.7947  37.5000   1.4011   0.4269   0.7309       988.4643        36.6772       985.3959  1.0031  0.0372   7
   1.2997   0.7847  37.5000   1.4252   0.4215   0.7270       968.2857        38.7246       987.1729  0.9809  0.0392   7
   1.2997   0.7747  37.5000   1.4494   0.4162   0.7230      1024.2376        43.4157       987.4013  1.0373  0.0440   7
   1.2997   0.7647  37.5000   1.4735   0.4108   0.7189      1002.5721        42.5735       985.1375  1.0177  0.0432   7
   1.2997   0.7547  37.5000   1.4977   0.4054   0.7146       965.4881        40.9853       979.7487  0.9854  0.0418   7
   1.2997   0.7447  37.5000   1.5218   0.4000   0.7103       982.3916        36.3619       970.8915  1.0118  0.0375   7
   1.2997   0.7347  37.5000   1.5459   0.3947   0.7058       968.9458        35.7326       958.4827  1.0109  0.0373   7
   1.2997   0.7247  37.5000   1.5701   0.3893   0.7012       977.3028        39.8948       942.6635  1.0367  0.0423   7
   1.2997   0.7147  37.5000   1.5942   0.3839   0.6964       935.7432        38.5595       923.7643  1.0130  0.0417   7
   1.2997   0.7047  37.5000   1.6183   0.3786   0.6916       895.3769        36.8792       901.9391  0.9927  0.0409   7
   1.2997   0.6947  37.5000   1.6425   0.3732   0.6866       876.3928        31.9917       878.3236  0.9978  0.0364   7
   1.2997   0.6847  37.5000   1.6666   0.3678   0.6815       838.1270        32.1054       853.2303  0.9823  0.0376   7
   1.2997   0.6747  37.5000   1.6907   0.3624   0.6762       768.2973        32.0645       827.2756  0.9287  0.0388   7
   1.2997   0.6647  37.5000   1.7149   0.3571   0.6708       758.4811        31.4228       800.9619  0.9470  0.0392   7
   1.2997   0.6547  37.5000   1.7390   0.3517   0.6653       756.6908        28.6944       775.0355  0.9763  0.0370   7
   1.2997   0.6447  37.5000   1.7632   0.3463   0.6597       723.8655        25.7359       749.9107  0.9653  0.0343   7
   1.2997   0.6347  37.5000   1.7873   0.3410   0.6539       700.9121        27.9596       725.9855  0.9655  0.0385   7
   1.2997   0.6247  37.5000   1.8114   0.3356   0.6479       702.9967        27.9651       703.6888  0.9990  0.0397   7
   1.2997   0.6147  37.5000   1.8356   0.3302   0.6419       684.2954        27.1957       683.2644  1.0015  0.0398   7
   1.2997   0.6047  37.5000   1.8597   0.3248   0.6357       657.3958        23.4545       664.8787  0.9887  0.0353   7
   1.2997   0.5947  37.5000   1.8838   0.3195   0.6293       674.2020        27.3507       648.6799  1.0393  0.0422   7
   1.2997   0.5847  37.5000   1.9080   0.3141   0.6228       656.3763        26.7012       634.6930  1.0342  0.0421   7
   1.2997   0.5747  37.5000   1.9321   0.3087   0.6162       667.0546        27.0418       622.8869  1.0709  0.0434   7
   1.2997   0.5647  37.5000   1.9563   0.3034   0.6094       630.1888        22.9758       613.1749  1.0277  0.0375   7
   1.2997   0.5547  37.5000   1.9804   0.2980   0.6025       581.2327        25.5128       605.4258  0.9600  0.0421   7
   2.0207   1.9307  15.0220   0.7826   0.2667   0.9654      5663.7230       321.8195      6321.1579  0.8960  0.0509   8
   2.0207   1.9157  15.0220   0.8128   0.2646   0.9650     12964.8235       819.7931     12242.8110  1.0590  0.0670   8
   2.0207   1.9007  15.0220   0.8430   0.2625   0.9646     30804.5255      1883.1414     26881.8013  1.1459  0.0701   8
   2.0207   1.8857  15.0220   0.8732   0.2604   0.9641    206656.1649     11849.7558    156030.9105  1.3245  0.0759   8
   2.0207   1.8707  15.0220   0.9035   0.2584   0.9636     66273.3743      3796.6636     49069.2140  1.3506  0.0774   8
   2.0207   1.8557  15.0220   0.9337   0.2563   0.9630     28519.1750      1681.7490     20552.5589  1.3876  0.0818   8
   2.0207   1.8407  15.0220   0.9639   0.2542   0.9623     15862.3138       939.8847     12226.8240  1.2973  0.0769   8
   2.0207   1.8257  15.0220   0.9941   0.2522   0.9615      9664.6909       577.5837      8168.1153  1.1832  0.0707   8
   2.0207   1.8107  15.0220   1.0243   0.2501   0.9607      6443.2894       368.6985      5789.3033  1.1130  0.0637   8
   2.0207   1.7957  15.0220   1.0546   0.2480   0.9598      4329.6261       249.6026      4264.4357  1.0153  0.0585   8
   2.0207   1.7807  15.0220   1.0848   0.2459   0.9589      3031.5015       180.3941      3241.8687  0.9351  0.0556   8
   2.0207   1.7657  15.0220   1.1150   0.2439   0.9578      2242.9050       134.8039      2525.0400  0.8883  0.0534   8
   2.0207   1.7507  15.0220   1.1452   0.2418   0.9567      1739.6870       105.8458      2046.7433  0.8500  0.0517   8
   2.0207   1.7357  15.0220   1.1754   0.2397   0.9555      1454.1152        85.0200      1729.8578  0.8406  0.0491   8
   2.0207   1.7207  15.0220   1.2057   0.2377   0.9543      1345.5775        82.7154      1534.2885  0.8770  0.0539   8
   2.0207   1.7057  15.0220   1.2359   0.2356   0.9529      1260.9866        77.6949      1415.6279  0.8908  0.0549   8
   2.0207   1.6907  15.0220   1.2661   0.2335   0.9515      1283.6853        78.2941      1374.0281  0.9342  0.0570   8
   2.0207   1.6757  15.0220   1.2963   0.2314   0.9500      1316.0652        80.5406      1371.0718  0.9599  0.0587   8
   2.0207   1.6607  15.0220   1.3265   0.2294   0.9484      1338.1309        82.1923      1405.0611  0.9524  0.0585   8
   2.0207   1.9007  20.0160   0.6415   0.4640   0.9397       177.9088        25.1175       459.5465  0.3871  0.0547   8
   2.0207   1.8857  20.0160   0.6733   0.4603   0.9392       480.9530        45.4500       815.2068  0.5900  0.0558   8
   2.0207   1.8707  20.0160   0.7052   0.4567   0.9387       967.2364        69.3493      1365.4983  0.7083  0.0508   8
   2.0207   1.8557  20.0160   0.7370   0.4530   0.9381      1743.4117       115.3306      2245.4149  0.7764  0.0514   8
   2.0207   1.8407  20.0160   0.7688   0.4494   0.9374      3040.5163       182.4092      3690.6929  0.8238  0.0494   8
   2.0207   1.8257  20.0160   0.8006   0.4457   0.9367      5956.6859       347.3939      6246.5832  0.9536  0.0556   8
   2.0207   1.8107  20.0160   0.8324   0.4420   0.9359     13015.0553       762.7322     11865.7101  1.0969  0.0643   8
   2.0207   1.7957  20.0160   0.8642   0.4384   0.9350     47289.6403      2701.4419     38096.9533  1.2413  0.0709   8
   2.0207   1.7807  20.0160   0.8960   0.4347   0.9341     50570.0821      2900.0590     40514.0151  1.2482  0.0716   8
   2.0207   1.7657  20.0160   0.9278   0.4310   0.9331     17915.0199      1018.6890     13291.2249  1.3479  0.0766   8
   2.0207   1.7507  20.0160   0.9596   0.4274   0.9320     10113.7210       595.2727      7705.6499  1.3125  0.0773   8
   2.0207   1.7357  20.0160   0.9914   0.4237   0.9309      6581.2072       389.3902      5229.6807  1.2584  0.0745   8
   2.0207   1.7207  20.0160   1.0233   0.4201   0.9297      4361.7775       261.2618      3832.3736  1.1381  0.0682   8
   2.0207   1.7057  20.0160   1.0551   0.4164   0.9284      3109.1978       216.6394      2935.9863  1.0590  0.0738   8
   2.0207   1.6907  20.0160   1.0869   0.4127   0.9270      2401.2463       147.5781      2330.5462  1.0303  0.0633   8
   2.0207   1.6757  20.0160   1.1187   0.4091   0.9256      1864.2367       121.4537      1910.5208  0.9758  0.0636   8
   2.0207   1.6607  20.0160   1.1505   0.4054   0.9240      1606.7663       104.5374      1617.8599  0.9931  0.0646   8
   2.0207   1.6457  20.0160   1.1823   0.4017   0.9224      1313.1018        86.1795      1416.8832  0.9268  0.0608   8
   2.0207   1.6307  20.0160   1.2141   0.3981   0.9207      1120.6306        66.1035      1283.4409  0.8731  0.0515   8
   2.0207   1.6157  20.0160   1.2459   0.3944   0.9190      1092.6931        64.2609      1199.7751  0.9107  0.0536   8
   2.0207   1.6007  20.0160   1.2777   0.3908   0.9171      1040.9107        62.6535      1151.9867  0.9036  0.0544   8
   2.0207   1.5857  20.0160   1.3095   0.3871   0.9151      1022.1107        61.4557      1128.8214  0.9055  0.0544   8
   2.0207   1.5707  20.0160   1.3414   0.3834   0.9131      1015.0782        61.2174      1117.2200  0.9086  0.0548   8
   2.7007   2.5747  15.0000   0.6429   0.4739   0.9654       253.7609        24.0592       488.0402  0.5200  0.0493   5
   2.7007   2.5617  15.0000   0.6697   0.4715   0.9652       436.9625        34.2540       776.9771  0.5624  0.0441   5
   2.7007   2.5497  15.0000   0.6944   0.4693   0.9649       803.0390        49.6226      1155.6185  0.6949  0.0429   5
   2.7007   2.5367  15.0000   0.7212   0.4669   0.9646      1265.4481        68.5282      1750.3257  0.7230  0.0392   5
   2.7007   2.5247  15.0000   0.7459   0.4647   0.9643      2092.6645        99.7153      2553.0058  0.8197  0.0391   5
   2.7007   2.5117  15.0000   0.7727   0.4623   0.9640      3412.9930       148.9246      3859.2852  0.8844  0.0386   5
   2.7007   2.4997  15.0000   0.7975   0.4601   0.9637      5688.9697       229.0638      5771.7907  0.9857  0.0397   5
   2.7007   2.4867  15.0000   0.8243   0.4577   0.9633     10051.7333       386.2658      9564.6491  1.0509  0.0404   5
   2.7007   2.4747  15.0000   0.8490   0.4555   0.9629     21692.6962       803.0425     18372.5310  1.1807  0.0437   5
   2.7007   2.4617  15.0000   0.8758   0.4531   0.9624    164380.2907      6000.6457    131202.6495  1.2529  0.0457   5
   2.7007   2.4497  15.0000   0.9005   0.4509   0.9620     40658.9742      1467.9367     30331.3792  1.3405  0.0484   5
   2.7007   2.4367  15.0000   0.9273   0.4485   0.9615     17522.2276       640.3471     12915.9260  1.3566  0.0496   5
   2.7007   2.4247  15.0000   0.9520   0.4463   0.9610     11658.3869       461.3501      8271.6722  1.4094  0.0558   5
   2.7007   2.4127  15.0000   0.9767   0.4441   0.9605      8447.8090       331.9751      5941.1482  1.4219  0.0559   5
   2.7007   2.4007  15.0000   1.0015   0.4419   0.9599      5947.4965       238.6358      4537.8857  1.3106  0.0526   5
   2.7007   2.3887  15.0000   1.0262   0.4396   0.9594      4548.7735       185.2689      3594.4545  1.2655  0.0515   5
   2.7007   2.3777  15.0000   1.0489   0.4376   0.9588      3569.2447       147.5535      2974.3902  1.2000  0.0496   5
   2.7007   2.3657  15.0000   1.0736   0.4354   0.9582      2840.1183       120.2765      2475.8802  1.1471  0.0486   5
   2.7007   2.3537  15.0000   1.0983   0.4332   0.9576      2315.6513        98.8924      2097.5645  1.1040  0.0471   5
   2.7007   2.3417  15.0000   1.1230   0.4310   0.9569      1894.0289        83.0917      1811.6007  1.0455  0.0459   5
   2.7007   2.3307  15.0000   1.1457   0.4290   0.9563      1575.0228        71.3044      1617.0080  0.9740  0.0441   5
   2.7007   2.3187  15.0000   1.1704   0.4268   0.9555      1385.7233        65.3250      1448.7886  0.9565  0.0451   5
   2.7007   2.3067  15.0000   1.1952   0.4246   0.9548      1292.2652        61.0920      1324.0317  0.9760  0.0461   5
   2.7007   2.2947  15.0000   1.2199   0.4223   0.9540      1206.8266        58.9411      1233.2655  0.9786  0.0478   5
   2.7007   2.2837  15.0000   1.2426   0.4203   0.9533      1101.6550        53.1310      1174.0414  0.9383  0.0453   5
   2.7007   2.2727  15.0000   1.2652   0.4183   0.9525      1184.6672        53.4669      1132.2452  1.0463  0.0472   5
   2.7007   2.2617  15.0000   1.2879   0.4163   0.9517      1108.0499        49.9208      1103.8567  1.0038  0.0452   5
   2.7007   2.2507  15.0000   1.3106   0.4142   0.9509      1114.7865        49.4467      1085.4101  1.0271  0.0456   5
   2.7007   2.2397  15.0000   1.3332   0.4122   0.9501      1104.0008        48.0003      1073.9221  1.0280  0.0447   5
   2.7007   2.2287  15.0000   1.3559   0.4102   0.9492      1111.5343        47.5331      1066.8511  1.0419  0.0446   5
   2.7007   2.2167  15.0000   1.3806   0.4080   0.9483      1023.8071        44.4153      1061.3491  0.9646  0.0418   5
   2.7007   2.2057  15.0000   1.4033   0.4060   0.9473       991.4197        42.8378      1057.1144  0.9379  0.0405   5
   2.7007   2.1947  15.0000   1.4259   0.4039   0.9464      1076.9679        45.0812      1051.9821  1.0238  0.0429   5
   2.7007   2.1837  15.0000   1.4486   0.4019   0.9454      1074.4672        45.1241      1045.0245  1.0282  0.0432   5
   2.7007   2.1727  15.0000   1.4713   0.3999   0.9444      1054.6814        45.1607      1034.1805  1.0198  0.0437   5
   2.7007   2.1617  15.0000   1.4939   0.3979   0.9434      1066.2390        45.9242      1021.6653  1.0436  0.0450   5
   2.7007   2.1507  15.0000   1.5166   0.3958   0.9424      1044.5532        46.0120      1006.1211  1.0382  0.0457   5
   2.7007   2.1397  15.0000   1.5393   0.3938   0.9413      1034.1757        44.5341       986.9811  1.0478  0.0451   5
   2.7007   2.1297  15.0000   1.5599   0.3920   0.9403      1022.5766        43.5648       967.8586  1.0565  0.0450   5
   2.7007   2.1187  15.0000   1.5825   0.3900   0.9392       985.7579        42.1229       944.5442  1.0436  0.0446   5
   2.7007   2.1087  15.0000   1.6032   0.3881   0.9381      1008.2923        41.7232       921.2411  1.0945  0.0453   5
   2.7007   2.0977  15.0000   1.6258   0.3861   0.9369       957.9001        40.2201       894.7101  1.0706  0.0450   5
   2.7007   2.0877  15.0000   1.6464   0.3842   0.9358       928.1005        38.9718       869.4996  1.0674  0.0448   5
   2.7007   2.0767  15.0000   1.6691   0.3822   0.9346       935.1086        38.4571       841.4693  1.1113  0.0457   5
   2.7007   2.0667  15.0000   1.6897   0.3804   0.9334       871.1192        36.6184       816.1890  1.0673  0.0449   5
   2.7007   2.0557  15.0000   1.7124   0.3784   0.9322       802.7685        35.0135       788.6810  1.0179  0.0444   5
   2.7007   2.0457  15.0000   1.7330   0.3765   0.9310       816.6270        35.3951       764.5417  1.0681  0.0463   5
   2.7007   2.0347  15.0000   1.7556   0.3745   0.9296       851.9869        36.6042       738.9870  1.1529  0.0495   5
   2.7007   2.0247  15.0000   1.7762   0.3727   0.9284       764.5166        32.5743       717.0546  1.0662  0.0454   5
   2.7007   2.0147  15.0000   1.7969   0.3708   0.9271       723.5328        30.8562       696.5663  1.0387  0.0443   5
   2.7007   2.0047  15.0000   1.8175   0.3690   0.9258       702.4874        29.7744       677.5107  1.0369  0.0439   5
   2.7007   1.9957  15.0000   1.8360   0.3673   0.9246       652.1743        28.0363       661.7338  0.9856  0.0424   5
   2.7007   1.9857  15.0000   1.8566   0.3655   0.9232       696.2509        28.9798       645.7641  1.0782  0.0449   5
   2.7007   1.9757  15.0000   1.8772   0.3636   0.9219       634.3882        27.0536       631.4430  1.0047  0.0428   5
   2.7007   1.9657  15.0000   1.8978   0.3618   0.9204       642.7567        27.0063       618.7271  1.0388  0.0436   5
   2.7007   1.9557  15.0000   1.9184   0.3600   0.9190       624.5976        26.2557       607.6008  1.0280  0.0432   5
   2.7007   1.9457  15.0000   1.9390   0.3581   0.9176       598.3179        25.5502       597.9769  1.0006  0.0427   5
   2.7007   1.9367  15.0000   1.9576   0.3565   0.9162       593.4093        25.5703       590.4976  1.0049  0.0433   5
   2.7007   1.9267  15.0000   1.9782   0.3546   0.9147       609.9836        26.2673       583.4578  1.0455  0.0450   5
   2.7007   1.9167  15.0000   1.9988   0.3528   0.9132       578.0029        25.8810       577.5549  1.0008  0.0448   5
